------------------Step 0------------------
*** Raw sum ***
[ 2.15138413e-13 -2.76105251e-14 -2.96313088e-13 ... -1.11749640e-13
  9.67436517e-14  1.80967660e-13]
*** Raw sum ***
[ 1.68698301e-13  4.44202802e-14  1.79125557e-13 ... -2.91825822e-14
  5.89451401e-14  9.76335921e-14]
*** Raw sum ***
[-1.02561525e-14  9.07567627e-14  2.00940558e-13 ...  4.30538926e-14
  1.27888101e-13 -1.29467272e-13]
*** Cov mean ***
[[7.75051364e-27 5.17197369e-27 2.59203890e-27]
 [5.17197369e-27 7.77773642e-27 5.21696765e-27]
 [2.59203890e-27 5.21696765e-27 7.79739146e-27]]
*** Corr ***
[[1.         0.66613838 0.33342764]
 [0.66613838 1.         0.66991062]
 [0.33342764 0.66991062 1.        ]]
*** Regularization term ***
[[1.55947829e-28 0.00000000e+00 0.00000000e+00]
 [0.00000000e+00 1.55947829e-28 0.00000000e+00]
 [0.00000000e+00 0.00000000e+00 1.55947829e-28]]
*** Inverse Cov mean ***
[[ 2.27781321e+26 -1.75279445e+26  4.07387563e+25]
 [-1.75279445e+26  3.56528194e+26 -1.76738960e+26]
 [ 4.07387563e+25 -1.76738960e+26  2.28387716e+26]]
*** Weight ***
[[0.49038417]
 [0.02371851]
 [0.48589732]]
*** Weighted output ***
[ 3.48394357e-14  1.05374288e-14 -1.44740588e-14 ... -1.15242168e-14
  3.69933772e-14  9.38386614e-15]
*** Inverse variance weight ***
[0.20017381 0.20017223 0.19953289 0.19975773 0.20036334]
*** Inverse variance weighted clock ***
2.52543066812503e-14
------------------Step 1------------------
*** Raw sum ***
[-2.76105251e-14 -2.96313088e-13  1.60463371e-13 ...  9.67436517e-14
  1.80967660e-13 -1.18179997e-14]
*** Raw sum ***
[4.44202802e-14 1.79125557e-13 1.37405325e-13 ... 5.89451401e-14
 9.76335921e-14 2.17129137e-14]
*** Raw sum ***
[ 9.07567627e-14  2.00940558e-13 -2.98718452e-14 ...  1.27888101e-13
 -1.29467272e-13  1.07651704e-13]
*** Cov mean ***
[[7.75045091e-27 5.17193089e-27 2.59205589e-27]
 [5.17193089e-27 7.77770729e-27 5.21697978e-27]
 [2.59205589e-27 5.21697978e-27 7.79739074e-27]]
*** Corr ***
[[1.         0.66613681 0.33343119]
 [0.66613681 1.         0.66991347]
 [0.33343119 0.66991347 1.        ]]
*** Regularization term ***
[[1.55947815e-28 0.00000000e+00 0.00000000e+00]
 [0.00000000e+00 1.55947815e-28 0.00000000e+00]
 [0.00000000e+00 0.00000000e+00 1.55947815e-28]]
*** Inverse Cov mean ***
[[ 2.27781913e+26 -1.75278733e+26  4.07378805e+25]
 [-1.75278733e+26  3.56528976e+26 -1.76739891e+26]
 [ 4.07378805e+25 -1.76739891e+26  2.28388816e+26]]
*** Weight ***
[[0.49038569]
 [0.02372144]
 [0.48589287]]
*** Weighted output ***
[ 1.05373236e-14 -1.44743321e-14  2.24779585e-14 ...  3.69932941e-14
  9.38424509e-15  1.56756265e-14]
*** Inverse variance weight ***
[0.19986186 0.19972174 0.19977988 0.19998624 0.20065028]
*** Inverse variance weighted clock ***
6.523876867452124e-14
------------------Step 2------------------
*** Raw sum ***
[-2.96313088e-13  1.60463371e-13  2.36810811e-13 ...  1.80967660e-13
 -1.18179997e-14  7.91411095e-14]
*** Raw sum ***
[1.79125557e-13 1.37405325e-13 2.61508344e-13 ... 9.76335921e-14
 2.17129137e-14 1.47145971e-13]
*** Raw sum ***
[ 2.00940558e-13 -2.98718452e-14  2.32939288e-13 ... -1.29467272e-13
  1.07651704e-13  2.23571771e-13]
*** Cov mean ***
[[7.75044916e-27 5.17194074e-27 2.59207681e-27]
 [5.17194074e-27 7.77772787e-27 5.21701427e-27]
 [2.59207681e-27 5.21701427e-27 7.79744551e-27]]
*** Corr ***
[[1.         0.66613727 0.33343275]
 [0.66613727 1.         0.66991465]
 [0.33343275 0.66991465 1.        ]]
*** Regularization term ***
[[1.5594891e-28 0.0000000e+00 0.0000000e+00]
 [0.0000000e+00 1.5594891e-28 0.0000000e+00]
 [0.0000000e+00 0.0000000e+00 1.5594891e-28]]
*** Inverse Cov mean ***
[[ 2.27782080e+26 -1.75278683e+26  4.07376680e+25]
 [-1.75278683e+26  3.56528777e+26 -1.76739620e+26]
 [ 4.07376680e+25 -1.76739620e+26  2.28387763e+26]]
*** Weight ***
[[0.49038795]
 [0.02372219]
 [0.48588986]]
*** Weighted output ***
[-1.44747126e-14  2.24781439e-14  7.85051857e-14 ...  9.38453600e-15
  1.56755149e-14  5.03105759e-14]
*** Inverse variance weight ***
[0.19969746 0.19955074 0.20040738 0.20001403 0.20033039]
*** Inverse variance weighted clock ***
4.757974948586748e-16
------------------Step 3------------------
*** Raw sum ***
[ 1.60463371e-13  2.36810811e-13  6.47423775e-15 ... -1.18179997e-14
  7.91411095e-14  4.23013924e-14]
*** Raw sum ***
[1.37405325e-13 2.61508344e-13 5.24345898e-14 ... 2.17129137e-14
 1.47145971e-13 1.24701304e-14]
*** Raw sum ***
[-2.98718452e-14  2.32939288e-13 -1.30070874e-13 ...  1.07651704e-13
  2.23571771e-13  1.55591217e-13]
*** Cov mean ***
[[7.75024402e-27 5.17202516e-27 2.59217415e-27]
 [5.17202516e-27 7.77769447e-27 5.21696858e-27]
 [2.59217415e-27 5.21696858e-27 7.79742311e-27]]
*** Corr ***
[[1.         0.66615839 0.33345016]
 [0.66615839 1.         0.66991119]
 [0.33345016 0.66991119 1.        ]]
*** Regularization term ***
[[1.55948462e-28 0.00000000e+00 0.00000000e+00]
 [0.00000000e+00 1.55948462e-28 0.00000000e+00]
 [0.00000000e+00 0.00000000e+00 1.55948462e-28]]
*** Inverse Cov mean ***
[[ 2.27798107e+26 -1.75291928e+26  4.07374550e+25]
 [-1.75291928e+26  3.56538873e+26 -1.76738240e+26]
 [ 4.07374550e+25 -1.76738240e+26  2.28386068e+26]]
*** Weight ***
[[0.49040076]
 [0.02371285]
 [0.48588639]]
*** Weighted output ***
[ 2.24784357e-14  7.85051133e-14 -1.95937744e-14 ...  1.56752724e-14
  5.03101973e-14  3.22133309e-14]
*** Inverse variance weight ***
[0.2005627  0.19966805 0.20020739 0.19923467 0.20032719]
*** Inverse variance weighted clock ***
5.290328843519704e-14
------------------Step 4------------------
*** Raw sum ***
[ 2.36810811e-13  6.47423775e-15 -1.09715699e-14 ...  7.91411095e-14
  4.23013924e-14  1.48613609e-13]
*** Raw sum ***
[ 2.61508344e-13  5.24345898e-14 -3.33444202e-14 ...  1.47145971e-13
  1.24701304e-14  1.38652678e-13]
*** Raw sum ***
[ 2.32939288e-13 -1.30070874e-13 -4.66132385e-14 ...  2.23571771e-13
  1.55591217e-13 -1.73877385e-14]
*** Cov mean ***
[[7.75023833e-27 5.17202331e-27 2.59217883e-27]
 [5.17202331e-27 7.77769492e-27 5.21697067e-27]
 [2.59217883e-27 5.21697067e-27 7.79741956e-27]]
*** Corr ***
[[1.         0.66615838 0.33345097]
 [0.66615838 1.         0.66991159]
 [0.33345097 0.66991159 1.        ]]
*** Regularization term ***
[[1.55948391e-28 0.00000000e+00 0.00000000e+00]
 [0.00000000e+00 1.55948391e-28 0.00000000e+00]
 [0.00000000e+00 0.00000000e+00 1.55948391e-28]]
*** Inverse Cov mean ***
[[ 2.27798196e+26 -1.75291826e+26  4.07372896e+25]
 [-1.75291826e+26  3.56538856e+26 -1.76738333e+26]
 [ 4.07372896e+25 -1.76738333e+26  2.28386310e+26]]
*** Weight ***
[[0.49040089]
 [0.02371281]
 [0.4858863 ]]
*** Weighted output ***
[ 7.85051131e-14 -1.95937710e-14 -9.60663053e-15 ...  5.03101920e-14
  3.22133279e-14  2.25732087e-14]
*** Inverse variance weight ***
[0.2006625  0.19951441 0.20034911 0.19959475 0.19987922]
*** Inverse variance weighted clock ***
-2.0929308415695366e-14
------------------Step 5------------------
*** Raw sum ***
[ 6.47423775e-15 -1.09715699e-14  2.15230907e-13 ...  4.23013924e-14
  1.48613609e-13 -1.07620974e-13]
*** Raw sum ***
[ 5.24345898e-14 -3.33444202e-14  4.24986913e-13 ...  1.24701304e-14
  1.38652678e-13 -2.97267099e-13]
*** Raw sum ***
[-1.30070874e-13 -4.66132385e-14  3.77399484e-13 ...  1.55591217e-13
 -1.73877385e-14 -1.90066485e-13]
*** Cov mean ***
[[7.75019238e-27 5.17202704e-27 2.59216978e-27]
 [5.17202704e-27 7.77782797e-27 5.21705212e-27]
 [2.59216978e-27 5.21705212e-27 7.79746662e-27]]
*** Corr ***
[[1.         0.66615513 0.33344978]
 [0.66615513 1.         0.6699143 ]
 [0.33344978 0.6699143  1.        ]]
*** Regularization term ***
[[1.55949332e-28 0.00000000e+00 0.00000000e+00]
 [0.00000000e+00 1.55949332e-28 0.00000000e+00]
 [0.00000000e+00 0.00000000e+00 1.55949332e-28]]
*** Inverse Cov mean ***
[[ 2.27797964e+26 -1.75289457e+26  4.07376197e+25]
 [-1.75289457e+26  3.56532999e+26 -1.76738047e+26]
 [ 4.07376197e+25 -1.76738047e+26  2.28386493e+26]]
*** Weight ***
[[0.4904137 ]
 [0.02369596]
 [0.48589034]]
*** Weighted output ***
[-1.95942129e-14 -9.60655284e-15  9.96658074e-14 ...  3.22136479e-14
  2.25730413e-14 -5.07247661e-14]
*** Inverse variance weight ***
[0.20005986 0.19976308 0.2002808  0.20052669 0.19936957]
*** Inverse variance weighted clock ***
-1.5150033874874847e-14
------------------Step 6------------------
*** Raw sum ***
[-1.09715699e-14  2.15230907e-13  1.05209029e-13 ...  1.48613609e-13
 -1.07620974e-13 -1.16967315e-13]
*** Raw sum ***
[-3.33444202e-14  4.24986913e-13 -8.88213297e-14 ...  1.38652678e-13
 -2.97267099e-13  5.78275659e-14]
*** Raw sum ***
[-4.66132385e-14  3.77399484e-13 -1.12308965e-13 ... -1.73877385e-14
 -1.90066485e-13  2.15711756e-13]
*** Cov mean ***
[[7.75023299e-27 5.17202347e-27 2.59211468e-27]
 [5.17202347e-27 7.77782820e-27 5.21705957e-27]
 [2.59211468e-27 5.21705957e-27 7.79745668e-27]]
*** Corr ***
[[1.         0.66615292 0.33344204]
 [0.66615292 1.         0.66991567]
 [0.33344204 0.66991567 1.        ]]
*** Regularization term ***
[[1.55949134e-28 0.00000000e+00 0.00000000e+00]
 [0.00000000e+00 1.55949134e-28 0.00000000e+00]
 [0.00000000e+00 0.00000000e+00 1.55949134e-28]]
*** Inverse Cov mean ***
[[ 2.27796726e+26 -1.75290465e+26  4.07404785e+25]
 [-1.75290465e+26  3.56535976e+26 -1.76741446e+26]
 [ 4.07404785e+25 -1.76741446e+26  2.28388530e+26]]
*** Weight ***
[[0.49041517]
 [0.02368836]
 [0.48589647]]
*** Weighted output ***
[-9.60656901e-15  9.96656074e-14 -1.69281931e-15 ...  2.25727272e-14
 -5.07244541e-14  1.62736253e-14]
*** Inverse variance weight ***
[0.1992851  0.19992126 0.20060611 0.20069184 0.1994957 ]
*** Inverse variance weighted clock ***
-3.663744442779481e-14
------------------Step 7------------------
*** Raw sum ***
[ 2.15230907e-13  1.05209029e-13 -3.50476842e-14 ... -1.07620974e-13
 -1.16967315e-13 -2.80075103e-14]
*** Raw sum ***
[ 4.24986913e-13 -8.88213297e-14 -7.07889603e-14 ... -2.97267099e-13
  5.78275659e-14 -3.52228847e-15]
*** Raw sum ***
[ 3.77399484e-13 -1.12308965e-13  1.79989681e-14 ... -1.90066485e-13
  2.15711756e-13 -4.20191047e-14]
*** Cov mean ***
[[7.75023624e-27 5.17202266e-27 2.59211735e-27]
 [5.17202266e-27 7.77782104e-27 5.21705358e-27]
 [2.59211735e-27 5.21705358e-27 7.79745500e-27]]
*** Corr ***
[[1.         0.66615298 0.33344234]
 [0.66615298 1.         0.66991528]
 [0.33344234 0.66991528 1.        ]]
*** Regularization term ***
[[1.559491e-28 0.000000e+00 0.000000e+00]
 [0.000000e+00 1.559491e-28 0.000000e+00]
 [0.000000e+00 0.000000e+00 1.559491e-28]]
*** Inverse Cov mean ***
[[ 2.27796584e+26 -1.75290309e+26  4.07402231e+25]
 [-1.75290309e+26  3.56535825e+26 -1.76741107e+26]
 [ 4.07402231e+25 -1.76741107e+26  2.28388293e+26]]
*** Weight ***
[[0.49041403]
 [0.02369016]
 [0.4858958 ]]
*** Weighted output ***
[ 9.96656975e-14 -1.69288752e-15 -3.37308508e-15 ... -5.07245499e-14
  1.62736561e-14 -1.14118754e-14]
*** Inverse variance weight ***
[0.19932117 0.19982714 0.20030797 0.20048024 0.20006347]
*** Inverse variance weighted clock ***
-2.7911256821999865e-14
------------------Step 8------------------
*** Raw sum ***
[ 1.05209029e-13 -3.50476842e-14  1.86191508e-14 ... -1.16967315e-13
 -2.80075103e-14  1.73454785e-13]
*** Raw sum ***
[-8.88213297e-14 -7.07889603e-14 -1.99234092e-13 ...  5.78275659e-14
 -3.52228847e-15  9.98237858e-14]
*** Raw sum ***
[-1.12308965e-13  1.79989681e-14 -2.13079539e-13 ...  2.15711756e-13
 -4.20191047e-14  1.26719444e-13]
*** Cov mean ***
[[7.75020976e-27 5.17190197e-27 2.59202163e-27]
 [5.17190197e-27 7.77754684e-27 5.21682132e-27]
 [2.59202163e-27 5.21682132e-27 7.79725985e-27]]
*** Corr ***
[[1.         0.66615032 0.33343477]
 [0.66615032 1.         0.66990565]
 [0.33343477 0.66990565 1.        ]]
*** Regularization term ***
[[1.55945197e-28 0.00000000e+00 0.00000000e+00]
 [0.00000000e+00 1.55945197e-28 0.00000000e+00]
 [0.00000000e+00 0.00000000e+00 1.55945197e-28]]
*** Inverse Cov mean ***
[[ 2.27795858e+26 -1.75290794e+26  4.07394203e+25]
 [-1.75290794e+26  3.56539902e+26 -1.76739745e+26]
 [ 4.07394203e+25 -1.76739745e+26  2.28388706e+26]]
*** Weight ***
[[0.49039335]
 [0.02371574]
 [0.48589092]]
*** Weighted output ***
[-1.69418719e-15 -3.37347608e-15 -3.30425626e-14 ...  1.62746044e-14
 -1.14116439e-14  4.96667648e-14]
*** Inverse variance weight ***
[0.19933126 0.20050297 0.19976563 0.19986801 0.20053212]
*** Inverse variance weighted clock ***
7.452814234113252e-15
------------------Step 9------------------
*** Raw sum ***
[-3.50476842e-14  1.86191508e-14 -1.80713914e-13 ... -2.80075103e-14
  1.73454785e-13  1.83525016e-13]
*** Raw sum ***
[-7.07889603e-14 -1.99234092e-13 -1.59018460e-13 ... -3.52228847e-15
  9.98237858e-14 -5.77833769e-14]
*** Raw sum ***
[ 1.79989681e-14 -2.13079539e-13 -1.73302896e-13 ... -4.20191047e-14
  1.26719444e-13  4.62611357e-14]
*** Cov mean ***
[[7.75024431e-27 5.17189113e-27 2.59204402e-27]
 [5.17189113e-27 7.77753282e-27 5.21678050e-27]
 [2.59204402e-27 5.21678050e-27 7.79720889e-27]]
*** Corr ***
[[1.         0.66614804 0.333438  ]
 [0.66614804 1.         0.6699032 ]
 [0.333438   0.6699032  1.        ]]
*** Regularization term ***
[[1.55944178e-28 0.00000000e+00 0.00000000e+00]
 [0.00000000e+00 1.55944178e-28 0.00000000e+00]
 [0.00000000e+00 0.00000000e+00 1.55944178e-28]]
*** Inverse Cov mean ***
[[ 2.27792801e+26 -1.75286637e+26  4.07364144e+25]
 [-1.75286637e+26  3.56534520e+26 -1.76736402e+26]
 [ 4.07364144e+25 -1.76736402e+26  2.28387964e+26]]
*** Weight ***
[[0.49038382]
 [0.0237269 ]
 [0.48588927]]
*** Weighted output ***
[-3.37363822e-15 -3.30432468e-14 -5.88660714e-14 ... -1.14115451e-14
  4.96665163e-14  3.70348226e-14]
*** Inverse variance weight ***
[0.19949267 0.20022513 0.19985785 0.19979504 0.20062931]
*** Inverse variance weighted clock ***
1.476133800302098e-14
------------------Step 10------------------
*** Raw sum ***
[ 1.86191508e-14 -1.80713914e-13  2.35432227e-14 ...  1.73454785e-13
  1.83525016e-13 -1.75919103e-13]
*** Raw sum ***
[-1.99234092e-13 -1.59018460e-13 -2.31602226e-14 ...  9.98237858e-14
 -5.77833769e-14 -1.90609234e-13]
*** Raw sum ***
[-2.13079539e-13 -1.73302896e-13 -1.07414918e-13 ...  1.26719444e-13
  4.62611357e-14  7.37598552e-14]
*** Cov mean ***
[[7.75031795e-27 5.17196987e-27 2.59203064e-27]
 [5.17196987e-27 7.77761350e-27 5.21676274e-27]
 [2.59203064e-27 5.21676274e-27 7.79720794e-27]]
*** Corr ***
[[1.         0.66615156 0.33343472]
 [0.66615156 1.         0.66989749]
 [0.33343472 0.66989749 1.        ]]
*** Regularization term ***
[[1.55944159e-28 0.00000000e+00 0.00000000e+00]
 [0.00000000e+00 1.55944159e-28 0.00000000e+00]
 [0.00000000e+00 0.00000000e+00 1.55944159e-28]]
*** Inverse Cov mean ***
[[ 2.27792787e+26 -1.75287304e+26  4.07368534e+25]
 [-1.75287304e+26  3.56530469e+26 -1.76733047e+26]
 [ 4.07368534e+25 -1.76733047e+26  2.28385322e+26]]
*** Weight ***
[[0.49038372]
 [0.02371979]
 [0.48589649]]
*** Weighted output ***
[-3.30432875e-14 -5.88661050e-14 -1.37322248e-14 ...  4.96665785e-14
  3.70350648e-14 -1.83164732e-14]
*** Inverse variance weight ***
[0.19978677 0.19998224 0.19990323 0.20015986 0.20016791]
*** Inverse variance weighted clock ***
1.2657266278676523e-13
------------------Step 11------------------
*** Raw sum ***
[-1.80713914e-13  2.35432227e-14  2.55766892e-13 ...  1.83525016e-13
 -1.75919103e-13  9.48985563e-14]
*** Raw sum ***
[-1.59018460e-13 -2.31602226e-14  1.76891456e-13 ... -5.77833769e-14
 -1.90609234e-13  3.87876454e-14]
*** Raw sum ***
[-1.73302896e-13 -1.07414918e-13  9.61218648e-14 ...  4.62611357e-14
  7.37598552e-14 -9.15734999e-14]
*** Cov mean ***
[[7.75032582e-27 5.17196390e-27 2.59200710e-27]
 [5.17196390e-27 7.77749958e-27 5.21664064e-27]
 [2.59200710e-27 5.21664064e-27 7.79711296e-27]]
*** Corr ***
[[1.         0.66615533 0.33343355]
 [0.66615533 1.         0.66989079]
 [0.33343355 0.66989079 1.        ]]
*** Regularization term ***
[[1.55942259e-28 0.00000000e+00 0.00000000e+00]
 [0.00000000e+00 1.55942259e-28 0.00000000e+00]
 [0.00000000e+00 0.00000000e+00 1.55942259e-28]]
*** Inverse Cov mean ***
[[ 2.27794413e+26 -1.75289892e+26  4.07365008e+25]
 [-1.75289892e+26  3.56533358e+26 -1.76731296e+26]
 [ 4.07365008e+25 -1.76731296e+26  2.28384478e+26]]
*** Weight ***
[[0.49037348]
 [0.02373042]
 [0.48589611]]
*** Weighted output ***
[-5.88660291e-14 -1.37323735e-14  5.87747492e-14 ...  3.70342275e-14
 -1.83165571e-14  9.86991483e-16]
*** Inverse variance weight ***
[0.19992965 0.19977185 0.19990307 0.20055684 0.19983859]
*** Inverse variance weighted clock ***
3.82813250794093e-14
------------------Step 12------------------
*** Raw sum ***
[ 2.35432227e-14  2.55766892e-13 -3.12992483e-14 ... -1.75919103e-13
  9.48985563e-14  4.63775132e-13]
*** Raw sum ***
[-2.31602226e-14  1.76891456e-13 -5.00668435e-14 ... -1.90609234e-13
  3.87876454e-14  4.97639793e-13]
*** Raw sum ***
[-1.07414918e-13  9.61218648e-14 -3.09255286e-14 ...  7.37598552e-14
 -9.15734999e-14  4.37550856e-13]
*** Cov mean ***
[[7.75060310e-27 5.17226115e-27 2.59224026e-27]
 [5.17226115e-27 7.77781745e-27 5.21689217e-27]
 [2.59224026e-27 5.21689217e-27 7.79730585e-27]]
*** Corr ***
[[1.         0.66616809 0.33345345]
 [0.66616809 1.         0.66990112]
 [0.33345345 0.66990112 1.        ]]
*** Regularization term ***
[[1.55946117e-28 0.00000000e+00 0.00000000e+00]
 [0.00000000e+00 1.55946117e-28 0.00000000e+00]
 [0.00000000e+00 0.00000000e+00 1.55946117e-28]]
*** Inverse Cov mean ***
[[ 2.27792616e+26 -1.75290812e+26  4.07355475e+25]
 [-1.75290812e+26  3.56532083e+26 -1.76731925e+26]
 [ 4.07355475e+25 -1.76731925e+26  2.28383946e+26]]
*** Weight ***
[[0.49037637]
 [0.02371664]
 [0.48590699]]
*** Weighted output ***
[-1.37326339e-14  5.87745325e-14 -1.05209199e-14 ... -1.83155843e-14
  9.86572976e-16  1.50611910e-13]
*** Inverse variance weight ***
[0.20010633 0.19938196 0.19985211 0.20090024 0.19975937]
*** Inverse variance weighted clock ***
-6.725249251299292e-14
------------------Step 13------------------
*** Raw sum ***
[ 2.55766892e-13 -3.12992483e-14  2.75785519e-14 ...  9.48985563e-14
  4.63775132e-13 -7.63295983e-14]
*** Raw sum ***
[ 1.76891456e-13 -5.00668435e-14  1.17677949e-13 ...  3.87876454e-14
  4.97639793e-13  1.18463331e-13]
*** Raw sum ***
[ 9.61218648e-14 -3.09255286e-14  7.92057628e-14 ... -9.15734999e-14
  4.37550856e-13  1.29455465e-13]
*** Cov mean ***
[[7.75062483e-27 5.17224500e-27 2.59222204e-27]
 [5.17224500e-27 7.77781954e-27 5.21688318e-27]
 [2.59222204e-27 5.21688318e-27 7.79726997e-27]]
*** Corr ***
[[1.         0.66616498 0.33345141]
 [0.66616498 1.         0.66990142]
 [0.33345141 0.66990142 1.        ]]
*** Regularization term ***
[[1.55945399e-28 0.00000000e+00 0.00000000e+00]
 [0.00000000e+00 1.55945399e-28 0.00000000e+00]
 [0.00000000e+00 0.00000000e+00 1.55945399e-28]]
*** Inverse Cov mean ***
[[ 2.27790464e+26 -1.75288798e+26  4.07354386e+25]
 [-1.75288798e+26  3.56530385e+26 -1.76732280e+26]
 [ 4.07354386e+25 -1.76732280e+26  2.28385159e+26]]
*** Weight ***
[[0.49037388]
 [0.02371638]
 [0.48590974]]
*** Weighted output ***
[ 5.87743928e-14 -1.05209179e-14  1.82671827e-14 ...  9.86406680e-16
  1.50611883e-13  9.42771727e-15]
*** Inverse variance weight ***
[0.20015374 0.20021695 0.19994117 0.20060498 0.19908317]
*** Inverse variance weighted clock ***
2.3049772896121102e-14
------------------Step 14------------------
*** Raw sum ***
[-3.12992483e-14  2.75785519e-14 -2.60171263e-13 ...  4.63775132e-13
 -7.63295983e-14 -7.11871495e-14]
*** Raw sum ***
[-5.00668435e-14  1.17677949e-13 -2.62700283e-13 ...  4.97639793e-13
  1.18463331e-13  7.59690432e-14]
*** Raw sum ***
[-3.09255286e-14  7.92057628e-14 -1.97424389e-13 ...  4.37550856e-13
  1.29455465e-13  1.83856588e-13]
*** Cov mean ***
[[7.75054628e-27 5.17218079e-27 2.59217601e-27]
 [5.17218079e-27 7.77778738e-27 5.21687969e-27]
 [2.59217601e-27 5.21687969e-27 7.79730033e-27]]
*** Corr ***
[[1.         0.66616146 0.33344653]
 [0.66616146 1.         0.66990105]
 [0.33344653 0.66990105 1.        ]]
*** Regularization term ***
[[1.55946007e-28 0.00000000e+00 0.00000000e+00]
 [0.00000000e+00 1.55946007e-28 0.00000000e+00]
 [0.00000000e+00 0.00000000e+00 1.55946007e-28]]
*** Inverse Cov mean ***
[[ 2.27791104e+26 -1.75288494e+26  4.07361144e+25]
 [-1.75288494e+26  3.56530210e+26 -1.76732434e+26]
 [ 4.07361144e+25 -1.76732434e+26  2.28384309e+26]]
*** Weight ***
[[0.49037913]
 [0.02371609]
 [0.48590478]]
*** Weighted output ***
[-1.05209167e-14  1.82670886e-14 -7.65807451e-14 ...  1.50611923e-13
  9.42735810e-15  1.87432638e-14]
*** Inverse variance weight ***
[0.20083625 0.20061447 0.1998387  0.19966545 0.19904514]
*** Inverse variance weighted clock ***
1.0297742578209777e-14
------------------Step 15------------------
*** Raw sum ***
[ 2.75785519e-14 -2.60171263e-13  1.76915123e-13 ... -7.63295983e-14
 -7.11871495e-14 -1.35855672e-13]
*** Raw sum ***
[ 1.17677949e-13 -2.62700283e-13  7.86984608e-15 ...  1.18463331e-13
  7.59690432e-14 -1.28407510e-13]
*** Raw sum ***
[ 7.92057628e-14 -1.97424389e-13  8.49255435e-14 ...  1.29455465e-13
  1.83856588e-13 -2.34447795e-13]
*** Cov mean ***
[[7.75059210e-27 5.17222479e-27 2.59225751e-27]
 [5.17222479e-27 7.77782760e-27 5.21695959e-27]
 [2.59225751e-27 5.21695959e-27 7.79744400e-27]]
*** Corr ***
[[1.         0.66616344 0.33345295]
 [0.66616344 1.         0.6699034 ]
 [0.33345295 0.6699034  1.        ]]
*** Regularization term ***
[[1.5594888e-28 0.0000000e+00 0.0000000e+00]
 [0.0000000e+00 1.5594888e-28 0.0000000e+00]
 [0.0000000e+00 0.0000000e+00 1.5594888e-28]]
*** Inverse Cov mean ***
[[ 2.27790152e+26 -1.75287500e+26  4.07344486e+25]
 [-1.75287500e+26  3.56529178e+26 -1.76730610e+26]
 [ 4.07344486e+25 -1.76730610e+26  2.28380805e+26]]
*** Weight ***
[[0.4903788 ]
 [0.02372588]
 [0.48589532]]
*** Weighted output ***
[ 1.82672198e-14 -7.65809513e-14  4.27356897e-14 ...  9.42734476e-15
  1.87429396e-14 -6.11948030e-14]
*** Inverse variance weight ***
[0.20044632 0.20038674 0.19977322 0.19947517 0.19991855]
*** Inverse variance weighted clock ***
6.546414459009776e-14
------------------Step 16------------------
*** Raw sum ***
[-2.60171263e-13  1.76915123e-13  7.63229926e-14 ... -7.11871495e-14
 -1.35855672e-13  7.17176715e-14]
*** Raw sum ***
[-2.62700283e-13  7.86984608e-15  4.84573136e-14 ...  7.59690432e-14
 -1.28407510e-13  1.03009376e-13]
*** Raw sum ***
[-1.97424389e-13  8.49255435e-14  7.99687815e-14 ...  1.83856588e-13
 -2.34447795e-13  3.13557733e-13]
*** Cov mean ***
[[7.75059544e-27 5.17222990e-27 2.59227882e-27]
 [5.17222990e-27 7.77782384e-27 5.21698552e-27]
 [2.59227882e-27 5.21698552e-27 7.79757609e-27]]
*** Corr ***
[[1.         0.66616412 0.3334528 ]
 [0.66616412 1.         0.66990122]
 [0.3334528  0.66990122 1.        ]]
*** Regularization term ***
[[1.55951522e-28 0.00000000e+00 0.00000000e+00]
 [0.00000000e+00 1.55951522e-28 0.00000000e+00]
 [0.00000000e+00 0.00000000e+00 1.55951522e-28]]
*** Inverse Cov mean ***
[[ 2.27790035e+26 -1.75287103e+26  4.07334969e+25]
 [-1.75287103e+26  3.56527514e+26 -1.76727347e+26]
 [ 4.07334969e+25 -1.76727347e+26  2.28375573e+26]]
*** Weight ***
[[0.49037939]
 [0.02373658]
 [0.48588404]]
*** Weighted output ***
[-7.65811963e-14  4.27354328e-14  2.58109958e-14 ...  1.87425052e-14
 -6.11944056e-14  6.33222183e-14]
*** Inverse variance weight ***
[0.19978198 0.20036763 0.1996807  0.19980507 0.20036462]
*** Inverse variance weighted clock ***
8.206677427662163e-14
------------------Step 17------------------
*** Raw sum ***
[ 1.76915123e-13  7.63229926e-14 -9.25174812e-14 ... -1.35855672e-13
  7.17176715e-14 -1.99411855e-13]
*** Raw sum ***
[ 7.86984608e-15  4.84573136e-14  3.21732244e-14 ... -1.28407510e-13
  1.03009376e-13 -4.91143806e-14]
*** Raw sum ***
[ 8.49255435e-14  7.99687815e-14  1.33056778e-13 ... -2.34447795e-13
  3.13557733e-13  1.76097177e-13]
*** Cov mean ***
[[7.75053454e-27 5.17209945e-27 2.59208448e-27]
 [5.17209945e-27 7.77765924e-27 5.21681649e-27]
 [2.59208448e-27 5.21681649e-27 7.79748826e-27]]
*** Corr ***
[[1.         0.66615698 0.33343099]
 [0.66615698 1.         0.66989038]
 [0.33343099 0.66989038 1.        ]]
*** Regularization term ***
[[1.55949765e-28 0.00000000e+00 0.00000000e+00]
 [0.00000000e+00 1.55949765e-28 0.00000000e+00]
 [0.00000000e+00 0.00000000e+00 1.55949765e-28]]
*** Inverse Cov mean ***
[[ 2.27789321e+26 -1.75287563e+26  4.07363307e+25]
 [-1.75287563e+26  3.56527817e+26 -1.76726092e+26]
 [ 4.07363307e+25 -1.76726092e+26  2.28373638e+26]]
*** Weight ***
[[0.49037545]
 [0.02374174]
 [0.48588281]]
*** Weighted output ***
[ 4.27351795e-14  2.58109464e-14  6.68184954e-15 ... -6.11943526e-14
  6.33221735e-14 -4.46338232e-15]
*** Inverse variance weight ***
[0.19994684 0.20035311 0.19967047 0.19957123 0.20045835]
*** Inverse variance weighted clock ***
2.407239628009563e-14
------------------Step 18------------------
*** Raw sum ***
[ 7.63229926e-14 -9.25174812e-14  1.81262893e-13 ...  7.17176715e-14
 -1.99411855e-13  1.86478671e-13]
*** Raw sum ***
[ 4.84573136e-14  3.21732244e-14  4.92486012e-14 ...  1.03009376e-13
 -4.91143806e-14  3.92485582e-14]
*** Raw sum ***
[7.99687815e-14 1.33056778e-13 6.98823330e-14 ... 3.13557733e-13
 1.76097177e-13 1.31154222e-13]
*** Cov mean ***
[[7.75054014e-27 5.17210825e-27 2.59209907e-27]
 [5.17210825e-27 7.77765678e-27 5.21681817e-27]
 [2.59209907e-27 5.21681817e-27 7.79749856e-27]]
*** Corr ***
[[1.         0.66615798 0.33343252]
 [0.66615798 1.         0.66989026]
 [0.33343252 0.66989026 1.        ]]
*** Regularization term ***
[[1.55949971e-28 0.00000000e+00 0.00000000e+00]
 [0.00000000e+00 1.55949971e-28 0.00000000e+00]
 [0.00000000e+00 0.00000000e+00 1.55949971e-28]]
*** Inverse Cov mean ***
[[ 2.27789529e+26 -1.75287767e+26  4.07359627e+25]
 [-1.75287767e+26  3.56528005e+26 -1.76725670e+26]
 [ 4.07359627e+25 -1.76725670e+26  2.28373143e+26]]
*** Weight ***
[[0.49037456]
 [0.02374393]
 [0.48588151]]
*** Weighted output ***
[ 2.58109245e-14  6.68184272e-15  4.13368668e-14 ...  6.33220915e-14
 -4.46343548e-15  5.20339078e-14]
*** Inverse variance weight ***
[0.20013609 0.20014124 0.19966567 0.19956569 0.20049131]
*** Inverse variance weighted clock ***
-1.5456702131659136e-14
------------------Step 19------------------
*** Raw sum ***
[-9.25174812e-14  1.81262893e-13  3.08673095e-13 ... -1.99411855e-13
  1.86478671e-13 -8.52718409e-14]
*** Raw sum ***
[ 3.21732244e-14  4.92486012e-14  2.02398136e-14 ... -4.91143806e-14
  3.92485582e-14 -2.27979666e-13]
*** Raw sum ***
[ 1.33056778e-13  6.98823330e-14 -1.60686048e-13 ...  1.76097177e-13
  1.31154222e-13 -2.19109629e-13]
*** Cov mean ***
[[7.75056164e-27 5.17216829e-27 2.59215633e-27]
 [5.17216829e-27 7.77779927e-27 5.21695917e-27]
 [2.59215633e-27 5.21695917e-27 7.79763686e-27]]
*** Corr ***
[[1.         0.66615869 0.33343647]
 [0.66615869 1.         0.66989628]
 [0.33343647 0.66989628 1.        ]]
*** Regularization term ***
[[1.55952737e-28 0.00000000e+00 0.00000000e+00]
 [0.00000000e+00 1.55952737e-28 0.00000000e+00]
 [0.00000000e+00 0.00000000e+00 1.55952737e-28]]
*** Inverse Cov mean ***
[[ 2.27789318e+26 -1.75287127e+26  4.07363565e+25]
 [-1.75287127e+26  3.56526114e+26 -1.76726562e+26]
 [ 4.07363565e+25 -1.76726562e+26  2.28372389e+26]]
*** Weight ***
[[0.49038552]
 [0.02373298]
 [0.4858815 ]]
*** Weighted output ***
[ 6.68138664e-15  4.13373491e-14  2.45915968e-14 ... -4.46398566e-15
  5.20344454e-14 -5.12293426e-14]
*** Inverse variance weight ***
[0.19973957 0.2001106  0.20036082 0.19982721 0.1999618 ]
*** Inverse variance weighted clock ***
-6.235371116740226e-14
------------------Step 20------------------
*** Raw sum ***
[ 1.81262893e-13  3.08673095e-13  2.14490679e-13 ...  1.86478671e-13
 -8.52718409e-14  1.94522012e-14]
*** Raw sum ***
[ 4.92486012e-14  2.02398136e-14 -2.49157273e-14 ...  3.92485582e-14
 -2.27979666e-13 -6.39803875e-14]
*** Raw sum ***
[ 6.98823330e-14 -1.60686048e-13 -4.51667895e-14 ...  1.31154222e-13
 -2.19109629e-13 -1.58003407e-13]
*** Cov mean ***
[[7.75053289e-27 5.17216773e-27 2.59218014e-27]
 [5.17216773e-27 7.77782143e-27 5.21700435e-27]
 [2.59218014e-27 5.21700435e-27 7.79770733e-27]]
*** Corr ***
[[1.         0.6661589  0.33343864]
 [0.6661589  1.         0.6698981 ]
 [0.33343864 0.6698981  1.        ]]
*** Regularization term ***
[[1.55954147e-28 0.00000000e+00 0.00000000e+00]
 [0.00000000e+00 1.55954147e-28 0.00000000e+00]
 [0.00000000e+00 0.00000000e+00 1.55954147e-28]]
*** Inverse Cov mean ***
[[ 2.27790051e+26 -1.75287092e+26  4.07360406e+25]
 [-1.75287092e+26  3.56525862e+26 -1.76726311e+26]
 [ 4.07360406e+25 -1.76726311e+26  2.28371145e+26]]
*** Weight ***
[[0.49039003]
 [0.02373325]
 [0.48587672]]
*** Weighted output ***
[ 4.13375144e-14  2.45923178e-14  2.75490889e-14 ...  5.20345200e-14
 -5.12291425e-14 -2.29164915e-14]
*** Inverse variance weight ***
[0.19978661 0.20000993 0.20056672 0.19968546 0.19995128]
*** Inverse variance weighted clock ***
3.142636049323544e-14
------------------Step 21------------------
*** Raw sum ***
[ 3.08673095e-13  2.14490679e-13  3.52162809e-14 ... -8.52718409e-14
  1.94522012e-14  2.71434934e-13]
*** Raw sum ***
[ 2.02398136e-14 -2.49157273e-14  3.23038812e-14 ... -2.27979666e-13
 -6.39803875e-14  2.36321116e-13]
*** Raw sum ***
[-1.60686048e-13 -4.51667895e-14  1.42048951e-13 ... -2.19109629e-13
 -1.58003407e-13  2.15074133e-13]
*** Cov mean ***
[[7.75060120e-27 5.17225579e-27 2.59225116e-27]
 [5.17225579e-27 7.77789285e-27 5.21706533e-27]
 [2.59225116e-27 5.21706533e-27 7.79775897e-27]]
*** Corr ***
[[1.         0.66616425 0.33344521]
 [0.66616425 1.         0.66990064]
 [0.33344521 0.66990064 1.        ]]
*** Regularization term ***
[[1.55955179e-28 0.00000000e+00 0.00000000e+00]
 [0.00000000e+00 1.55955179e-28 0.00000000e+00]
 [0.00000000e+00 0.00000000e+00 1.55955179e-28]]
*** Inverse Cov mean ***
[[ 2.27790725e+26 -1.75288683e+26  4.07359044e+25]
 [-1.75288683e+26  3.56527169e+26 -1.76726648e+26]
 [ 4.07359044e+25 -1.76726648e+26  2.28370889e+26]]
*** Weight ***
[[0.49039068]
 [0.02373029]
 [0.48587903]]
*** Weighted output ***
[ 2.45922420e-14  2.75491259e-14  2.90183076e-14 ... -5.12291044e-14
 -2.29165454e-14  8.10723805e-14]
*** Inverse variance weight ***
[0.19987815 0.19986939 0.20011799 0.19944439 0.20069008]
*** Inverse variance weighted clock ***
-2.9830649121218904e-14
------------------Step 22------------------
*** Raw sum ***
[ 2.14490679e-13  3.52162809e-14 -1.34453048e-13 ...  1.94522012e-14
  2.71434934e-13 -6.70517520e-14]
*** Raw sum ***
[-2.49157273e-14  3.23038812e-14 -1.94292543e-13 ... -6.39803875e-14
  2.36321116e-13 -1.33814664e-13]
*** Raw sum ***
[-4.51667895e-14  1.42048951e-13 -1.49636235e-13 ... -1.58003407e-13
  2.15074133e-13 -1.01162177e-13]
*** Cov mean ***
[[7.75046958e-27 5.17230174e-27 2.59239293e-27]
 [5.17230174e-27 7.77795265e-27 5.21710763e-27]
 [2.59239293e-27 5.21710763e-27 7.79771736e-27]]
*** Corr ***
[[1.         0.66617326 0.33346716]
 [0.66617326 1.         0.66990528]
 [0.33346716 0.66990528 1.        ]]
*** Regularization term ***
[[1.55954347e-28 0.00000000e+00 0.00000000e+00]
 [0.00000000e+00 1.55954347e-28 0.00000000e+00]
 [0.00000000e+00 0.00000000e+00 1.55954347e-28]]
*** Inverse Cov mean ***
[[ 2.27797499e+26 -1.75290941e+26  4.07322669e+25]
 [-1.75290941e+26  3.56527358e+26 -1.76725751e+26]
 [ 4.07322669e+25 -1.76725751e+26  2.28372919e+26]]
*** Weight ***
[[0.49039789]
 [0.02372425]
 [0.48587785]]
*** Weighted output ***
[ 2.75497092e-14  2.90182717e-14 -4.77499565e-14 ... -2.29163081e-14
  8.10724732e-14 -2.84030508e-14]
*** Inverse variance weight ***
[0.19957998 0.20017192 0.20034336 0.19941651 0.20048823]
*** Inverse variance weighted clock ***
-2.9678811267840125e-14
------------------Step 23------------------
*** Raw sum ***
[ 3.52162809e-14 -1.34453048e-13  5.41908279e-14 ...  2.71434934e-13
 -6.70517520e-14  7.67564848e-14]
*** Raw sum ***
[ 3.23038812e-14 -1.94292543e-13 -1.26101138e-14 ...  2.36321116e-13
 -1.33814664e-13  1.97164649e-13]
*** Raw sum ***
[ 1.42048951e-13 -1.49636235e-13 -5.09016612e-14 ...  2.15074133e-13
 -1.01162177e-13  2.58251496e-13]
*** Cov mean ***
[[7.75040815e-27 5.17234003e-27 2.59244565e-27]
 [5.17234003e-27 7.77798888e-27 5.21715648e-27]
 [2.59244565e-27 5.21715648e-27 7.79778321e-27]]
*** Corr ***
[[1.         0.66617928 0.33347386]
 [0.66617928 1.         0.66990717]
 [0.33347386 0.66990717 1.        ]]
*** Regularization term ***
[[1.55955664e-28 0.00000000e+00 0.00000000e+00]
 [0.00000000e+00 1.55955664e-28 0.00000000e+00]
 [0.00000000e+00 0.00000000e+00 1.55955664e-28]]
*** Inverse Cov mean ***
[[ 2.27802131e+26 -1.75294522e+26  4.07323288e+25]
 [-1.75294522e+26  3.56530010e+26 -1.76725859e+26]
 [ 4.07323288e+25 -1.76725859e+26  2.28371856e+26]]
*** Weight ***
[[0.49040641]
 [0.02371893]
 [0.48587466]]
*** Weighted output ***
[ 2.90181631e-14 -4.77498342e-14  5.14867869e-16 ...  8.10725955e-14
 -2.84028961e-14  5.59320882e-14]
*** Inverse variance weight ***
[0.1997148  0.1998959  0.20032767 0.1999058  0.20015583]
*** Inverse variance weighted clock ***
2.6865594884608173e-14
------------------Step 24------------------
*** Raw sum ***
[-1.34453048e-13  5.41908279e-14  2.07913825e-14 ... -6.70517520e-14
  7.67564848e-14 -1.03383744e-13]
*** Raw sum ***
[-1.94292543e-13 -1.26101138e-14 -1.19419477e-13 ... -1.33814664e-13
  1.97164649e-13 -6.51998177e-14]
*** Raw sum ***
[-1.49636235e-13 -5.09016612e-14 -8.36563882e-14 ... -1.01162177e-13
  2.58251496e-13 -1.38249415e-13]
*** Cov mean ***
[[7.75044242e-27 5.17236821e-27 2.59249324e-27]
 [5.17236821e-27 7.77801156e-27 5.21719818e-27]
 [2.59249324e-27 5.21719818e-27 7.79783554e-27]]
*** Corr ***
[[1.         0.66618047 0.33347812]
 [0.66618047 1.         0.6699093 ]
 [0.33347812 0.6699093  1.        ]]
*** Regularization term ***
[[1.55956711e-28 0.00000000e+00 0.00000000e+00]
 [0.00000000e+00 1.55956711e-28 0.00000000e+00]
 [0.00000000e+00 0.00000000e+00 1.55956711e-28]]
*** Inverse Cov mean ***
[[ 2.27801443e+26 -1.75294040e+26  4.07315195e+25]
 [-1.75294040e+26  3.56530070e+26 -1.76725689e+26]
 [ 4.07315195e+25 -1.76725689e+26  2.28371159e+26]]
*** Weight ***
[[0.4904053 ]
 [0.02372287]
 [0.48587182]]
*** Weighted output ***
[-4.77498985e-14  5.14879417e-16 -1.10943503e-14 ... -2.84029516e-14
  5.59320749e-14 -3.98060530e-14]
*** Inverse variance weight ***
[0.19981573 0.19957587 0.19986199 0.20033885 0.20040755]
*** Inverse variance weighted clock ***
3.3896413718472325e-14
------------------Step 25------------------
*** Raw sum ***
[ 5.41908279e-14  2.07913825e-14  1.28480245e-13 ...  7.67564848e-14
 -1.03383744e-13  1.56135040e-13]
*** Raw sum ***
[-1.26101138e-14 -1.19419477e-13 -7.29792269e-14 ...  1.97164649e-13
 -6.51998177e-14  3.81976971e-13]
*** Raw sum ***
[-5.09016612e-14 -8.36563882e-14 -2.47270447e-13 ...  2.58251496e-13
 -1.38249415e-13  2.37199013e-13]
*** Cov mean ***
[[7.75042093e-27 5.17237492e-27 2.59247529e-27]
 [5.17237492e-27 7.77812273e-27 5.21722826e-27]
 [2.59247529e-27 5.21722826e-27 7.79782583e-27]]
*** Corr ***
[[1.         0.66617749 0.33347648]
 [0.66617749 1.         0.66990879]
 [0.33347648 0.66990879 1.        ]]
*** Regularization term ***
[[1.55956517e-28 0.00000000e+00 0.00000000e+00]
 [0.00000000e+00 1.55956517e-28 0.00000000e+00]
 [0.00000000e+00 0.00000000e+00 1.55956517e-28]]
*** Inverse Cov mean ***
[[ 2.27800474e+26 -1.75291013e+26  4.07310779e+25]
 [-1.75291013e+26  3.56522682e+26 -1.76723794e+26]
 [ 4.07310779e+25 -1.76723794e+26  2.28371104e+26]]
*** Weight ***
[[0.49041239]
 [0.02370983]
 [0.48587778]]
*** Weighted output ***
[ 5.14961128e-16 -1.10939482e-14 -1.96217459e-14 ...  5.59319119e-14
 -3.98062881e-14  6.69589660e-14]
*** Inverse variance weight ***
[0.20011942 0.19985864 0.19960885 0.20008799 0.20032509]
*** Inverse variance weighted clock ***
1.6628367830934958e-14
------------------Step 26------------------
*** Raw sum ***
[ 2.07913825e-14  1.28480245e-13 -2.77471273e-14 ... -1.03383744e-13
  1.56135040e-13 -1.74948893e-14]
*** Raw sum ***
[-1.19419477e-13 -7.29792269e-14 -4.85556617e-14 ... -6.51998177e-14
  3.81976971e-13  2.06972331e-13]
*** Raw sum ***
[-8.36563882e-14 -2.47270447e-13 -8.01565538e-14 ... -1.38249415e-13
  2.37199013e-13  3.40101408e-13]
*** Cov mean ***
[[7.75042415e-27 5.17236261e-27 2.59245345e-27]
 [5.17236261e-27 7.77816792e-27 5.21730844e-27]
 [2.59245345e-27 5.21730844e-27 7.79796810e-27]]
*** Corr ***
[[1.         0.66617383 0.33347056]
 [0.66617383 1.         0.66991103]
 [0.33347056 0.66991103 1.        ]]
*** Regularization term ***
[[1.55959362e-28 0.00000000e+00 0.00000000e+00]
 [0.00000000e+00 1.55959362e-28 0.00000000e+00]
 [0.00000000e+00 0.00000000e+00 1.55959362e-28]]
*** Inverse Cov mean ***
[[ 2.27799009e+26 -1.75290029e+26  4.07325592e+25]
 [-1.75290029e+26  3.56521775e+26 -1.76724371e+26]
 [ 4.07325592e+25 -1.76724371e+26  2.28368727e+26]]
*** Weight ***
[[0.49042016]
 [0.02370733]
 [0.48587252]]
*** Weighted output ***
[-1.10936478e-14 -1.96209183e-14 -1.79015806e-14 ... -3.98062588e-14
  6.69586351e-14  5.38576138e-14]
*** Inverse variance weight ***
[0.20067045 0.19988359 0.20000925 0.19939734 0.20003936]
*** Inverse variance weighted clock ***
-8.00350713706559e-14
------------------Step 27------------------
*** Raw sum ***
[ 1.28480245e-13 -2.77471273e-14  1.26626020e-13 ...  1.56135040e-13
 -1.74948893e-14  1.60650949e-13]
*** Raw sum ***
[-7.29792269e-14 -4.85556617e-14  1.82170282e-13 ...  3.81976971e-13
  2.06972331e-13  1.05938299e-13]
*** Raw sum ***
[-2.47270447e-13 -8.01565538e-14  6.88548722e-14 ...  2.37199013e-13
  3.40101408e-13  6.61437282e-14]
*** Cov mean ***
[[7.75045691e-27 5.17237535e-27 2.59245506e-27]
 [5.17237535e-27 7.77812394e-27 5.21726815e-27]
 [2.59245506e-27 5.21726815e-27 7.79793398e-27]]
*** Corr ***
[[1.         0.66617595 0.3334708 ]
 [0.66617595 1.         0.66990922]
 [0.3334708  0.66990922 1.        ]]
*** Regularization term ***
[[1.5595868e-28 0.0000000e+00 0.0000000e+00]
 [0.0000000e+00 1.5595868e-28 0.0000000e+00]
 [0.0000000e+00 0.0000000e+00 1.5595868e-28]]
*** Inverse Cov mean ***
[[ 2.27799187e+26 -1.75291307e+26  4.07325838e+25]
 [-1.75291307e+26  3.56523970e+26 -1.76724326e+26]
 [ 4.07325838e+25 -1.76724326e+26  2.28368785e+26]]
*** Weight ***
[[0.49041446]
 [0.02371238]
 [0.48587315]]
*** Weighted output ***
[-1.96213376e-14 -1.79016268e-14  3.32912191e-14 ...  6.69590329e-14
  5.38580680e-14  3.78116867e-14]
*** Inverse variance weight ***
[0.20051621 0.19976474 0.20013334 0.19949543 0.20009029]
*** Inverse variance weighted clock ***
-2.631542186359832e-15
------------------Overall------------------
*** Weighted clock estimation ***
[9.383866138047954e-15, 1.5675626465190674e-14, 5.0310575928791324e-14, 3.2213330858554345e-14, 2.2573208744274492e-14, -5.072476608351739e-14, 1.6273625257847615e-14, -1.1411875412590716e-14, 4.9666764800709495e-14, 3.703482258933069e-14, -1.8316473156216413e-14, 9.869914831761461e-16, 1.5061190965450866e-13, 9.427717271339176e-15, 1.8743263803297224e-14, -6.119480303049916e-14, 6.332221828914318e-14, -4.463382321347961e-15, 5.203390782500614e-14, -5.122934256484208e-14, -2.2916491491645495e-14, 8.107238046997902e-14, -2.8403050810132625e-14, 5.593208822261016e-14, -3.980605295980899e-14, 6.695896600626661e-14, 5.385761379402129e-14, 3.7811686714748475e-14]
*** Inverse variance weighted clock estimation ***
[2.52543066812503e-14, 6.523876867452124e-14, 4.757974948586748e-16, 5.290328843519704e-14, -2.0929308415695366e-14, -1.5150033874874847e-14, -3.663744442779481e-14, -2.7911256821999865e-14, 7.452814234113252e-15, 1.476133800302098e-14, 1.2657266278676523e-13, 3.82813250794093e-14, -6.725249251299292e-14, 2.3049772896121102e-14, 1.0297742578209777e-14, 6.546414459009776e-14, 8.206677427662163e-14, 2.407239628009563e-14, -1.5456702131659136e-14, -6.235371116740226e-14, 3.142636049323544e-14, -2.9830649121218904e-14, -2.9678811267840125e-14, 2.6865594884608173e-14, 3.3896413718472325e-14, 1.6628367830934958e-14, -8.00350713706559e-14, -2.631542186359832e-15]
*** Mean clock estimation ***
[-4.76267281e-14  5.10479269e-16 -4.80902424e-14  7.13225906e-15
