------------------Step 0------------------
*** Raw sum ***
[ 2.15138413e-13 -2.76105251e-14 -2.96313088e-13 ...  2.27953327e-13
 -1.60881799e-13 -3.82681903e-14]
*** Raw sum ***
[ 1.68698301e-13  4.44202802e-14  1.79125557e-13 ...  9.35099681e-14
 -7.73238925e-14 -8.78527227e-14]
*** Raw sum ***
[-1.02561525e-14  9.07567627e-14  2.00940558e-13 ...  1.26489260e-13
 -6.36769841e-14 -7.27814744e-14]
*** Cov mean ***
[[7.74239826e-27 5.14836248e-27 2.63052210e-27]
 [5.14836248e-27 7.71895858e-27 5.21501100e-27]
 [2.63052210e-27 5.21501100e-27 7.75206418e-27]]
*** Corr ***
[[1.         0.66596592 0.33954358]
 [0.66596592 1.         0.67416654]
 [0.33954358 0.67416654 1.        ]]
*** Regularization term ***
[[1.55041284e-28 0.00000000e+00 0.00000000e+00]
 [0.00000000e+00 1.55041284e-28 0.00000000e+00]
 [0.00000000e+00 0.00000000e+00 1.55041284e-28]]
*** Inverse Cov mean ***
[[ 2.27539170e+26 -1.75146781e+26  3.98180567e+25]
 [-1.75146781e+26  3.60321695e+26 -1.79377160e+26]
 [ 3.98180567e+25 -1.79377160e+26  2.31527402e+26]]
*** Weight ***
[[0.48537817]
 [0.03051827]
 [0.48410356]]
*** Weighted output ***
[ 3.48689435e-14  1.06299185e-14 -1.36937549e-14 ...  5.82437442e-14
 -3.70915199e-14 -1.88298093e-14]
*** Inverse variance weight ***
[0.19969498 0.2019715  0.19967986 0.19923971 0.19941395]
*** Inverse variance weighted clock ***
9.297892231231303e-15
------------------Step 1------------------
*** Raw sum ***
[-2.76105251e-14 -2.96313088e-13  1.60463371e-13 ... -1.60881799e-13
 -3.82681903e-14  1.03534853e-13]
*** Raw sum ***
[ 4.44202802e-14  1.79125557e-13  1.37405325e-13 ... -7.73238925e-14
 -8.78527227e-14  6.50446688e-14]
*** Raw sum ***
[ 9.07567627e-14  2.00940558e-13 -2.98718452e-14 ... -6.36769841e-14
 -7.27814744e-14  1.02773008e-13]
*** Cov mean ***
[[7.74186073e-27 5.14793108e-27 2.63076177e-27]
 [5.14793108e-27 7.71862092e-27 5.21516490e-27]
 [2.63076177e-27 5.21516490e-27 7.75213005e-27]]
*** Corr ***
[[1.         0.6659478  0.33958486]
 [0.6659478  1.         0.67419832]
 [0.33958486 0.67419832 1.        ]]
*** Regularization term ***
[[1.55042601e-28 0.00000000e+00 0.00000000e+00]
 [0.00000000e+00 1.55042601e-28 0.00000000e+00]
 [0.00000000e+00 0.00000000e+00 1.55042601e-28]]
*** Inverse Cov mean ***
[[ 2.27540562e+26 -1.75135882e+26  3.98065787e+25]
 [-1.75135882e+26  3.60330036e+26 -1.79386468e+26]
 [ 3.98065787e+25 -1.79386468e+26  2.31537677e+26]]
*** Weight ***
[[0.48538185]
 [0.03057051]
 [0.48404763]]
*** Weighted output ***
[ 1.06289663e-14 -1.36947450e-14  2.25423880e-14 ... -3.70918768e-14
 -1.88300295e-14  3.39964731e-14]
*** Inverse variance weight ***
[0.20052677 0.2030432  0.19955947 0.19852896 0.19834161]
*** Inverse variance weighted clock ***
9.886241267718827e-14
------------------Step 2------------------
*** Raw sum ***
[-2.96313088e-13  1.60463371e-13  2.36810811e-13 ... -3.82681903e-14
  1.03534853e-13  6.06506987e-14]
*** Raw sum ***
[ 1.79125557e-13  1.37405325e-13  2.61508344e-13 ... -8.78527227e-14
  6.50446688e-14  1.54625185e-13]
*** Raw sum ***
[ 2.00940558e-13 -2.98718452e-14  2.32939288e-13 ... -7.27814744e-14
  1.02773008e-13  1.30575671e-13]
*** Cov mean ***
[[7.74181895e-27 5.14802040e-27 2.63088334e-27]
 [5.14802040e-27 7.71890910e-27 5.21538052e-27]
 [2.63088334e-27 5.21538052e-27 7.75224824e-27]]
*** Corr ***
[[1.         0.66594872 0.33959888]
 [0.66594872 1.         0.67420847]
 [0.33959888 0.67420847 1.        ]]
*** Regularization term ***
[[1.55044965e-28 0.00000000e+00 0.00000000e+00]
 [0.00000000e+00 1.55044965e-28 0.00000000e+00]
 [0.00000000e+00 0.00000000e+00 1.55044965e-28]]
*** Inverse Cov mean ***
[[ 2.27541423e+26 -1.75132376e+26  3.98046508e+25]
 [-1.75132376e+26  3.60321151e+26 -1.79386172e+26]
 [ 3.98046508e+25 -1.79386172e+26  2.31538873e+26]]
*** Weight ***
[[0.48540256]
 [0.03054425]
 [0.48405319]]
*** Weighted output ***
[-1.36979866e-14  2.25422374e-14  7.85637186e-14 ... -1.88296593e-14
  3.39968086e-14  3.24561615e-14]
*** Inverse variance weight ***
[0.20047913 0.20313626 0.19904507 0.19873412 0.19860542]
*** Inverse variance weighted clock ***
7.502540146720233e-14
------------------Step 3------------------
*** Raw sum ***
[ 1.60463371e-13  2.36810811e-13  6.47423775e-15 ...  1.03534853e-13
  6.06506987e-14 -8.54146017e-14]
*** Raw sum ***
[1.37405325e-13 2.61508344e-13 5.24345898e-14 ... 6.50446688e-14
 1.54625185e-13 7.05927251e-15]
*** Raw sum ***
[-2.98718452e-14  2.32939288e-13 -1.30070874e-13 ...  1.02773008e-13
  1.30575671e-13  2.72337934e-14]
*** Cov mean ***
[[7.74009908e-27 5.14897264e-27 2.63191800e-27]
 [5.14897264e-27 7.71850012e-27 5.21490780e-27]
 [2.63191800e-27 5.21490780e-27 7.75171061e-27]]
*** Corr ***
[[1.         0.66616355 0.33978196]
 [0.66616355 1.         0.67418859]
 [0.33978196 0.67418859 1.        ]]
*** Regularization term ***
[[1.55034212e-28 0.00000000e+00 0.00000000e+00]
 [0.00000000e+00 1.55034212e-28 0.00000000e+00]
 [0.00000000e+00 0.00000000e+00 1.55034212e-28]]
*** Inverse Cov mean ***
[[ 2.27695446e+26 -1.75268050e+26  3.98053791e+25]
 [-1.75268050e+26  3.60440524e+26 -1.79387725e+26]
 [ 3.98053791e+25 -1.79387725e+26  2.31539779e+26]]
*** Weight ***
[[0.48549965]
 [0.03045006]
 [0.48405029]]
*** Weighted output ***
[ 2.25431452e-14  7.85629470e-14 -1.94069892e-14 ...  3.39980178e-14
  3.24531436e-14 -9.35709277e-15]
*** Inverse variance weight ***
[0.20057506 0.20309105 0.19912833 0.19836383 0.19884173]
*** Inverse variance weighted clock ***
7.916720190816338e-15
------------------Step 4------------------
*** Raw sum ***
[ 2.36810811e-13  6.47423775e-15 -1.09715699e-14 ...  6.06506987e-14
 -8.54146017e-14  1.19158326e-13]
*** Raw sum ***
[ 2.61508344e-13  5.24345898e-14 -3.33444202e-14 ...  1.54625185e-13
  7.05927251e-15  1.63187563e-13]
*** Raw sum ***
[ 2.32939288e-13 -1.30070874e-13 -4.66132385e-14 ...  1.30575671e-13
  2.72337934e-14 -1.98496777e-14]
*** Cov mean ***
[[7.73993003e-27 5.14893255e-27 2.63198087e-27]
 [5.14893255e-27 7.71861603e-27 5.21490388e-27]
 [2.63198087e-27 5.21490388e-27 7.75169005e-27]]
*** Corr ***
[[1.         0.66616064 0.33979424]
 [0.66616064 1.         0.67418392]
 [0.33979424 0.67418392 1.        ]]
*** Regularization term ***
[[1.55033801e-28 0.00000000e+00 0.00000000e+00]
 [0.00000000e+00 1.55033801e-28 0.00000000e+00]
 [0.00000000e+00 0.00000000e+00 1.55033801e-28]]
*** Inverse Cov mean ***
[[ 2.27696323e+26 -1.75259958e+26  3.97979586e+25]
 [-1.75259958e+26  3.60421874e+26 -1.79377021e+26]
 [ 3.97979586e+25 -1.79377021e+26  2.31535399e+26]]
*** Weight ***
[[0.48550628]
 [0.03045073]
 [0.48404299]]
*** Weighted output ***
[ 7.85629619e-14 -1.94066469e-14 -9.63497983e-15 ...  3.24529945e-14
 -9.35734610e-15  1.77377327e-14]
*** Inverse variance weight ***
[0.20052145 0.2028446  0.20014215 0.1982411  0.1982507 ]
*** Inverse variance weighted clock ***
4.724762178108206e-14
------------------Step 5------------------
*** Raw sum ***
[ 6.47423775e-15 -1.09715699e-14  2.15230907e-13 ... -8.54146017e-14
  1.19158326e-13  1.19867170e-13]
*** Raw sum ***
[ 5.24345898e-14 -3.33444202e-14  4.24986913e-13 ...  7.05927251e-15
  1.63187563e-13  9.57411223e-14]
*** Raw sum ***
[-1.30070874e-13 -4.66132385e-14  3.77399484e-13 ...  2.72337934e-14
 -1.98496777e-14  3.65779051e-13]
*** Cov mean ***
[[7.73928450e-27 5.14815080e-27 2.63176528e-27]
 [5.14815080e-27 7.71769681e-27 5.21444689e-27]
 [2.63176528e-27 5.21444689e-27 7.75301279e-27]]
*** Corr ***
[[1.         0.66612694 0.33975159]
 [0.66612694 1.         0.67410747]
 [0.33975159 0.67410747 1.        ]]
*** Regularization term ***
[[1.55060256e-28 0.00000000e+00 0.00000000e+00]
 [0.00000000e+00 1.55060256e-28 0.00000000e+00]
 [0.00000000e+00 0.00000000e+00 1.55060256e-28]]
*** Inverse Cov mean ***
[[ 2.27688847e+26 -1.75232652e+26  3.97717313e+25]
 [-1.75232652e+26  3.60369179e+26 -1.79304709e+26]
 [ 3.97717313e+25 -1.79304709e+26  2.31447663e+26]]
*** Weight ***
[[0.48547548]
 [0.03069791]
 [0.48382661]]
*** Weighted output ***
[-1.93930116e-14 -9.63425250e-15  1.00043817e-13 ... -9.35785180e-15
  1.77513865e-14  7.93684212e-14]
*** Inverse variance weight ***
[0.20068683 0.20150375 0.2007558  0.19846239 0.19859123]
*** Inverse variance weighted clock ***
2.121530656187457e-14
------------------Step 6------------------
*** Raw sum ***
[-1.09715699e-14  2.15230907e-13  1.05209029e-13 ...  1.19158326e-13
  1.19867170e-13 -2.69382658e-13]
*** Raw sum ***
[-3.33444202e-14  4.24986913e-13 -8.88213297e-14 ...  1.63187563e-13
  9.57411223e-14 -1.66444006e-13]
*** Raw sum ***
[-4.66132385e-14  3.77399484e-13 -1.12308965e-13 ... -1.98496777e-14
  3.65779051e-13 -1.30490968e-13]
*** Cov mean ***
[[7.74092699e-27 5.14924128e-27 2.63258806e-27]
 [5.14924128e-27 7.71839325e-27 5.21509941e-27]
 [2.63258806e-27 5.21509941e-27 7.75301529e-27]]
*** Corr ***
[[1.         0.66616729 0.3398217 ]
 [0.66616729 1.         0.6741613 ]
 [0.3398217  0.6741613  1.        ]]
*** Regularization term ***
[[1.55060306e-28 0.00000000e+00 0.00000000e+00]
 [0.00000000e+00 1.55060306e-28 0.00000000e+00]
 [0.00000000e+00 0.00000000e+00 1.55060306e-28]]
*** Inverse Cov mean ***
[[ 2.27663520e+26 -1.75236609e+26  3.97735283e+25]
 [-1.75236609e+26  3.60398561e+26 -1.79334213e+26]
 [ 3.97735283e+25 -1.79334213e+26  2.31477104e+26]]
*** Weight ***
[[0.48540701]
 [0.03068126]
 [0.48391173]]
*** Weighted output ***
[-9.63513951e-15  1.00047254e-13 -2.00119163e-15 ...  1.77471982e-14
  7.93755321e-14 -6.63376843e-14]
*** Inverse variance weight ***
[0.19958573 0.20050887 0.20109362 0.19881182 0.19999996]
*** Inverse variance weighted clock ***
-5.125422987956106e-14
------------------Step 7------------------
*** Raw sum ***
[ 2.15230907e-13  1.05209029e-13 -3.50476842e-14 ...  1.19867170e-13
 -2.69382658e-13 -9.68212551e-14]
*** Raw sum ***
[ 4.24986913e-13 -8.88213297e-14 -7.07889603e-14 ...  9.57411223e-14
 -1.66444006e-13  6.01803762e-15]
*** Raw sum ***
[ 3.77399484e-13 -1.12308965e-13  1.79989681e-14 ...  3.65779051e-13
 -1.30490968e-13  6.67607182e-15]
*** Cov mean ***
[[7.74119149e-27 5.14924830e-27 2.63258626e-27]
 [5.14924830e-27 7.71833120e-27 5.21502059e-27]
 [2.63258626e-27 5.21502059e-27 7.75291562e-27]]
*** Corr ***
[[1.         0.6661595  0.33981784]
 [0.6661595  1.         0.67415816]
 [0.33981784 0.67415816 1.        ]]
*** Regularization term ***
[[1.55058312e-28 0.00000000e+00 0.00000000e+00]
 [0.00000000e+00 1.55058312e-28 0.00000000e+00]
 [0.00000000e+00 0.00000000e+00 1.55058312e-28]]
*** Inverse Cov mean ***
[[ 2.27651537e+26 -1.75228178e+26  3.97707747e+25]
 [-1.75228178e+26  3.60392901e+26 -1.79332041e+26]
 [ 3.97707747e+25 -1.79332041e+26  2.31477786e+26]]
*** Weight ***
[[0.48537704]
 [0.03070748]
 [0.48391548]]
*** Weighted output ***
[ 1.00049290e-13 -2.00315959e-15 -3.49170428e-15 ...  7.93756283e-14
 -6.63366109e-14 -1.45264537e-14]
*** Inverse variance weight ***
[0.2000782  0.19942477 0.20203471 0.19832699 0.20013533]
*** Inverse variance weighted clock ***
6.708421220196336e-14
------------------Step 8------------------
*** Raw sum ***
[ 1.05209029e-13 -3.50476842e-14  1.86191508e-14 ... -2.69382658e-13
 -9.68212551e-14 -4.07094254e-14]
*** Raw sum ***
[-8.88213297e-14 -7.07889603e-14 -1.99234092e-13 ... -1.66444006e-13
  6.01803762e-15 -1.12120441e-13]
*** Raw sum ***
[-1.12308965e-13  1.79989681e-14 -2.13079539e-13 ... -1.30490968e-13
  6.67607182e-15 -1.14262871e-13]
*** Cov mean ***
[[7.74064183e-27 5.14806697e-27 2.63157933e-27]
 [5.14806697e-27 7.71579369e-27 5.21285404e-27]
 [2.63157933e-27 5.21285404e-27 7.75107541e-27]]
*** Corr ***
[[1.         0.66613982 0.33974025]
 [0.66613982 1.         0.67406888]
 [0.33974025 0.67406888 1.        ]]
*** Regularization term ***
[[1.55021508e-28 0.00000000e+00 0.00000000e+00]
 [0.00000000e+00 1.55021508e-28 0.00000000e+00]
 [0.00000000e+00 0.00000000e+00 1.55021508e-28]]
*** Inverse Cov mean ***
[[ 2.27657731e+26 -1.75243330e+26  3.97691205e+25]
 [-1.75243330e+26  3.60439678e+26 -1.79323972e+26]
 [ 3.97691205e+25 -1.79323972e+26  2.31483893e+26]]
*** Weight ***
[[0.48521489]
 [0.03090969]
 [0.48387542]]
*** Weighted output ***
[-2.01333320e-15 -3.49482159e-15 -3.34093085e-14 ... -6.63315272e-14
 -1.45209041e-14 -2.61691407e-14]
*** Inverse variance weight ***
[0.20045973 0.1989868  0.20088276 0.19890389 0.20076682]
*** Inverse variance weighted clock ***
6.674006006635039e-14
------------------Step 9------------------
*** Raw sum ***
[-3.50476842e-14  1.86191508e-14 -1.80713914e-13 ... -9.68212551e-14
 -4.07094254e-14 -2.05987287e-13]
*** Raw sum ***
[-7.07889603e-14 -1.99234092e-13 -1.59018460e-13 ...  6.01803762e-15
 -1.12120441e-13 -4.15727392e-13]
*** Raw sum ***
[ 1.79989681e-14 -2.13079539e-13 -1.73302896e-13 ...  6.67607182e-15
 -1.14262871e-13 -2.55461532e-13]
*** Cov mean ***
[[7.74155993e-27 5.15016941e-27 2.63302605e-27]
 [5.15016941e-27 7.71919772e-27 5.21489728e-27]
 [2.63302605e-27 5.21489728e-27 7.75221213e-27]]
*** Corr ***
[[1.         0.66622541 0.33988194]
 [0.66622541 1.         0.67413496]
 [0.33988194 0.67413496 1.        ]]
*** Regularization term ***
[[1.55044243e-28 0.00000000e+00 0.00000000e+00]
 [0.00000000e+00 1.55044243e-28 0.00000000e+00]
 [0.00000000e+00 0.00000000e+00 1.55044243e-28]]
*** Inverse Cov mean ***
[[ 2.27671941e+26 -1.75242520e+26  3.97616538e+25]
 [-1.75242520e+26  3.60367143e+26 -1.79311185e+26]
 [ 3.97616538e+25 -1.79311185e+26  2.31483065e+26]]
*** Weight ***
[[0.48537445]
 [0.03060702]
 [0.48401853]]
*** Weighted output ***
[-3.48868516e-15 -3.33983823e-14 -5.88209370e-14 ... -1.45263423e-14
 -2.61654448e-14 -7.87844193e-14]
*** Inverse variance weight ***
[0.20025671 0.19874744 0.20053388 0.19948731 0.20097466]
*** Inverse variance weighted clock ***
2.4367757068267835e-14
------------------Step 10------------------
*** Raw sum ***
[ 1.86191508e-14 -1.80713914e-13  2.35432227e-14 ... -4.07094254e-14
 -2.05987287e-13  1.46330689e-14]
*** Raw sum ***
[-1.99234092e-13 -1.59018460e-13 -2.31602226e-14 ... -1.12120441e-13
 -4.15727392e-13  2.26786014e-13]
*** Raw sum ***
[-2.13079539e-13 -1.73302896e-13 -1.07414918e-13 ... -1.14262871e-13
 -2.55461532e-13  2.91432858e-13]
*** Cov mean ***
[[7.74148732e-27 5.14999715e-27 2.63294050e-27]
 [5.14999715e-27 7.71973936e-27 5.21583065e-27]
 [2.63294050e-27 5.21583065e-27 7.75347012e-27]]
*** Corr ***
[[1.         0.66618288 0.33984492]
 [0.66618288 1.         0.67417727]
 [0.33984492 0.67417727 1.        ]]
*** Regularization term ***
[[1.55069402e-28 0.00000000e+00 0.00000000e+00]
 [0.00000000e+00 1.55069402e-28 0.00000000e+00]
 [0.00000000e+00 0.00000000e+00 1.55069402e-28]]
*** Inverse Cov mean ***
[[ 2.27655780e+26 -1.75226843e+26  3.97733885e+25]
 [-1.75226843e+26  3.60357985e+26 -1.79325698e+26]
 [ 3.97733885e+25 -1.79325698e+26  2.31472764e+26]]
*** Weight ***
[[0.48545879]
 [0.03056651]
 [0.4839747 ]]
*** Weighted output ***
[-3.33920556e-14 -5.88213382e-14 -1.37549218e-14 ... -2.61634060e-14
 -7.87808645e-14  5.16939797e-14]
*** Inverse variance weight ***
[0.19976115 0.19908825 0.19993882 0.20064706 0.20056472]
*** Inverse variance weighted clock ***
-1.623617233463797e-14
------------------Step 11------------------
*** Raw sum ***
[-1.80713914e-13  2.35432227e-14  2.55766892e-13 ... -2.05987287e-13
  1.46330689e-14 -2.21651421e-14]
*** Raw sum ***
[-1.59018460e-13 -2.31602226e-14  1.76891456e-13 ... -4.15727392e-13
  2.26786014e-13  3.20700599e-15]
*** Raw sum ***
[-1.73302896e-13 -1.07414918e-13  9.61218648e-14 ... -2.55461532e-13
  2.91432858e-13  4.88469147e-14]
*** Cov mean ***
[[7.74153419e-27 5.14997666e-27 2.63287506e-27]
 [5.14997666e-27 7.71878795e-27 5.21479289e-27]
 [2.63287506e-27 5.21479289e-27 7.75237740e-27]]
*** Corr ***
[[1.         0.66621927 0.33985939]
 [0.66621927 1.         0.67413218]
 [0.33985939 0.67413218 1.        ]]
*** Regularization term ***
[[1.55047548e-28 0.00000000e+00 0.00000000e+00]
 [0.00000000e+00 1.55047548e-28 0.00000000e+00]
 [0.00000000e+00 0.00000000e+00 1.55047548e-28]]
*** Inverse Cov mean ***
[[ 2.27671218e+26 -1.75248589e+26  3.97670827e+25]
 [-1.75248589e+26  3.60386851e+26 -1.79316928e+26]
 [ 3.97670827e+25 -1.79316928e+26  2.31478502e+26]]
*** Weight ***
[[0.48536304]
 [0.03064833]
 [0.48398863]]
*** Weighted output ***
[-5.88207121e-14 -1.37568036e-14  5.86943713e-14 ... -7.87868142e-14
  5.17010509e-14  4.32716664e-15]
*** Inverse variance weight ***
[0.20025956 0.19933823 0.19968807 0.20106075 0.19965339]
*** Inverse variance weighted clock ***
9.003882163056086e-15
------------------Step 12------------------
*** Raw sum ***
[ 2.35432227e-14  2.55766892e-13 -3.12992483e-14 ...  1.46330689e-14
 -2.21651421e-14 -2.24325652e-14]
*** Raw sum ***
[-2.31602226e-14  1.76891456e-13 -5.00668435e-14 ...  2.26786014e-13
  3.20700599e-15 -1.85851531e-14]
*** Raw sum ***
[-1.07414918e-13  9.61218648e-14 -3.09255286e-14 ...  2.91432858e-13
  4.88469147e-14 -2.83270951e-13]
*** Cov mean ***
[[7.74076717e-27 5.14929144e-27 2.63238286e-27]
 [5.14929144e-27 7.71817582e-27 5.21435945e-27]
 [2.63238286e-27 5.21435945e-27 7.75343156e-27]]
*** Corr ***
[[1.         0.66619004 0.33978959]
 [0.66619004 1.         0.67405705]
 [0.33978959 0.67405705 1.        ]]
*** Regularization term ***
[[1.55068631e-28 0.00000000e+00 0.00000000e+00]
 [0.00000000e+00 1.55068631e-28 0.00000000e+00]
 [0.00000000e+00 0.00000000e+00 1.55068631e-28]]
*** Inverse Cov mean ***
[[ 2.27674527e+26 -1.75234439e+26  3.97558100e+25]
 [-1.75234439e+26  3.60340326e+26 -1.79257738e+26]
 [ 3.97558100e+25 -1.79257738e+26  2.31404403e+26]]
*** Weight ***
[[0.48537818]
 [0.0307884 ]
 [0.48383342]]
*** Weighted output ***
[-1.37522088e-14  5.86989482e-14 -1.05654181e-14 ...  5.16966355e-14
  4.32467731e-15 -4.95054791e-14]
*** Inverse variance weight ***
[0.19962393 0.1994553  0.19968386 0.20159594 0.19964097]
*** Inverse variance weighted clock ***
-1.1627516075237517e-14
------------------Step 13------------------
*** Raw sum ***
[ 2.55766892e-13 -3.12992483e-14  2.75785519e-14 ... -2.21651421e-14
 -2.24325652e-14 -1.50332648e-13]
*** Raw sum ***
[ 1.76891456e-13 -5.00668435e-14  1.17677949e-13 ...  3.20700599e-15
 -1.85851531e-14 -5.04935807e-14]
*** Raw sum ***
[ 9.61218648e-14 -3.09255286e-14  7.92057628e-14 ...  4.88469147e-14
 -2.83270951e-13  8.58297796e-14]
*** Cov mean ***
[[7.74136388e-27 5.14954993e-27 2.63218432e-27]
 [5.14954993e-27 7.71824235e-27 5.21414520e-27]
 [2.63218432e-27 5.21414520e-27 7.75313582e-27]]
*** Corr ***
[[1.         0.66619494 0.33975735]
 [0.66619494 1.         0.6740393 ]
 [0.33975735 0.6740393  1.        ]]
*** Regularization term ***
[[1.55062716e-28 0.00000000e+00 0.00000000e+00]
 [0.00000000e+00 1.55062716e-28 0.00000000e+00]
 [0.00000000e+00 0.00000000e+00 1.55062716e-28]]
*** Inverse Cov mean ***
[[ 2.27663755e+26 -1.75238023e+26  3.97642430e+25]
 [-1.75238023e+26  3.60341448e+26 -1.79258759e+26]
 [ 3.97642430e+25 -1.79258759e+26  2.31407238e+26]]
*** Weight ***
[[0.48534485]
 [0.03076993]
 [0.48388522]]
*** Weighted output ***
[ 5.86966772e-14 -1.05652961e-14  1.84441826e-14 ...  4.32574727e-15
 -4.95100068e-14 -1.09950330e-14]
*** Inverse variance weight ***
[0.19861193 0.19955049 0.20062038 0.20141945 0.19979774]
*** Inverse variance weighted clock ***
-3.491475847156082e-14
------------------Step 14------------------
*** Raw sum ***
[-3.12992483e-14  2.75785519e-14 -2.60171263e-13 ... -2.24325652e-14
 -1.50332648e-13 -1.20217840e-14]
*** Raw sum ***
[-5.00668435e-14  1.17677949e-13 -2.62700283e-13 ... -1.85851531e-14
 -5.04935807e-14  7.68525149e-14]
*** Raw sum ***
[-3.09255286e-14  7.92057628e-14 -1.97424389e-13 ... -2.83270951e-13
  8.58297796e-14  2.20634373e-13]
*** Cov mean ***
[[7.74044515e-27 5.14889235e-27 2.63176389e-27]
 [5.14889235e-27 7.71787925e-27 5.21413431e-27]
 [2.63176389e-27 5.21413431e-27 7.75372542e-27]]
*** Corr ***
[[1.         0.66616506 0.33971032]
 [0.66616506 1.         0.67402812]
 [0.33971032 0.67402812 1.        ]]
*** Regularization term ***
[[1.55074508e-28 0.00000000e+00 0.00000000e+00]
 [0.00000000e+00 1.55074508e-28 0.00000000e+00]
 [0.00000000e+00 0.00000000e+00 1.55074508e-28]]
*** Inverse Cov mean ***
[[ 2.27675593e+26 -1.75237552e+26  3.97688312e+25]
 [-1.75237552e+26  3.60337549e+26 -1.79251534e+26]
 [ 3.97688312e+25 -1.79251534e+26  2.31385218e+26]]
*** Weight ***
[[0.48540701]
 [0.03078822]
 [0.48380478]]
*** Weighted output ***
[-1.05654206e-14  1.84433476e-14 -7.66306299e-14 ... -4.95029891e-14
 -1.10007569e-14  3.44248858e-14]
*** Inverse variance weight ***
[0.19930998 0.19948093 0.20047624 0.20112349 0.19960936]
*** Inverse variance weighted clock ***
3.8217299038631825e-14
------------------Step 15------------------
*** Raw sum ***
[ 2.75785519e-14 -2.60171263e-13  1.76915123e-13 ... -1.50332648e-13
 -1.20217840e-14  2.27936275e-13]
*** Raw sum ***
[ 1.17677949e-13 -2.62700283e-13  7.86984608e-15 ... -5.04935807e-14
  7.68525149e-14  1.85472794e-13]
*** Raw sum ***
[ 7.92057628e-14 -1.97424389e-13  8.49255435e-14 ...  8.58297796e-14
  2.20634373e-13  2.57910209e-13]
*** Cov mean ***
[[7.74110837e-27 5.14938002e-27 2.63253159e-27]
 [5.14938002e-27 7.71821792e-27 5.21470378e-27]
 [2.63253159e-27 5.21470378e-27 7.75461280e-27]]
*** Corr ***
[[1.         0.666185   0.33977542]
 [0.666185   1.         0.67404838]
 [0.33977542 0.67404838 1.        ]]
*** Regularization term ***
[[1.55092256e-28 0.00000000e+00 0.00000000e+00]
 [0.00000000e+00 1.55092256e-28 0.00000000e+00]
 [0.00000000e+00 0.00000000e+00 1.55092256e-28]]
*** Inverse Cov mean ***
[[ 2.27660868e+26 -1.75225779e+26  3.97519378e+25]
 [-1.75225779e+26  3.60328202e+26 -1.79237712e+26]
 [ 3.97519378e+25 -1.79237712e+26  2.31364296e+26]]
*** Weight ***
[[0.48537304]
 [0.03087823]
 [0.48374873]]
*** Weighted output ***
[ 1.84450866e-14 -7.66318781e-14  4.23984871e-14 ... -1.10021734e-14
  3.44232058e-14  8.03749767e-14]
*** Inverse variance weight ***
[0.19961029 0.19960296 0.20039174 0.20023217 0.20016283]
*** Inverse variance weighted clock ***
-1.067486840296514e-15
------------------Step 16------------------
*** Raw sum ***
[-2.60171263e-13  1.76915123e-13  7.63229926e-14 ... -1.20217840e-14
  2.27936275e-13  1.58341112e-13]
*** Raw sum ***
[-2.62700283e-13  7.86984608e-15  4.84573136e-14 ...  7.68525149e-14
  1.85472794e-13  2.53485004e-14]
*** Raw sum ***
[-1.97424389e-13  8.49255435e-14  7.99687815e-14 ...  2.20634373e-13
  2.57910209e-13 -5.48839100e-14]
*** Cov mean ***
[[7.74141691e-27 5.14937432e-27 2.63232886e-27]
 [5.14937432e-27 7.71807215e-27 5.21462937e-27]
 [2.63232886e-27 5.21462937e-27 7.75470413e-27]]
*** Corr ***
[[1.         0.66617728 0.33974048]
 [0.66617728 1.         0.67404115]
 [0.33974048 0.67404115 1.        ]]
*** Regularization term ***
[[1.55094083e-28 0.00000000e+00 0.00000000e+00]
 [0.00000000e+00 1.55094083e-28 0.00000000e+00]
 [0.00000000e+00 0.00000000e+00 1.55094083e-28]]
*** Inverse Cov mean ***
[[ 2.27651234e+26 -1.75227462e+26  3.97599719e+25]
 [-1.75227462e+26  3.60336772e+26 -1.79241793e+26]
 [ 3.97599719e+25 -1.79241793e+26  2.31360920e+26]]
*** Weight ***
[[0.48535549]
 [0.030893  ]
 [0.48375151]]
*** Weighted output ***
[-7.66318323e-14  4.23975698e-14  2.57419314e-14 ...  3.44238591e-14
  8.03747956e-14  1.70282150e-14]
*** Inverse variance weight ***
[0.19889251 0.19976295 0.20040177 0.20086291 0.20007986]
*** Inverse variance weighted clock ***
4.731985532488738e-14
------------------Step 17------------------
*** Raw sum ***
[ 1.76915123e-13  7.63229926e-14 -9.25174812e-14 ...  2.27936275e-13
  1.58341112e-13 -8.83938441e-14]
*** Raw sum ***
[7.86984608e-15 4.84573136e-14 3.21732244e-14 ... 1.85472794e-13
 2.53485004e-14 6.88243463e-14]
*** Raw sum ***
[ 8.49255435e-14  7.99687815e-14  1.33056778e-13 ...  2.57910209e-13
 -5.48839100e-14 -3.67957852e-14]
*** Cov mean ***
[[7.74012184e-27 5.14772430e-27 2.63125361e-27]
 [5.14772430e-27 7.71652701e-27 5.21334846e-27]
 [2.63125361e-27 5.21334846e-27 7.75382562e-27]]
*** Corr ***
[[1.         0.66608621 0.33964936]
 [0.66608621 1.         0.67398123]
 [0.33964936 0.67398123 1.        ]]
*** Regularization term ***
[[1.55076512e-28 0.00000000e+00 0.00000000e+00]
 [0.00000000e+00 1.55076512e-28 0.00000000e+00]
 [0.00000000e+00 0.00000000e+00 1.55076512e-28]]
*** Inverse Cov mean ***
[[ 2.27638640e+26 -1.75191650e+26  3.97476313e+25]
 [-1.75191650e+26  3.60302493e+26 -1.79216883e+26]
 [ 3.97476313e+25 -1.79216883e+26  2.31351195e+26]]
*** Weight ***
[[0.48531013]
 [0.03102566]
 [0.48366421]]
*** Weighted output ***
[ 4.23927716e-14  2.57405931e-14  6.81777522e-15 ...  8.03720456e-14
  1.70285391e-14 -1.95199707e-14]
*** Inverse variance weight ***
[0.19908919 0.19986429 0.19933759 0.20121191 0.20049703]
*** Inverse variance weighted clock ***
2.734935892341688e-14
------------------Step 18------------------
*** Raw sum ***
[ 7.63229926e-14 -9.25174812e-14  1.81262893e-13 ...  1.58341112e-13
 -8.83938441e-14 -7.33841127e-14]
*** Raw sum ***
[ 4.84573136e-14  3.21732244e-14  4.92486012e-14 ...  2.53485004e-14
  6.88243463e-14 -8.45050012e-14]
*** Raw sum ***
[ 7.99687815e-14  1.33056778e-13  6.98823330e-14 ... -5.48839100e-14
 -3.67957852e-14 -1.34262499e-13]
*** Cov mean ***
[[7.73991322e-27 5.14799739e-27 2.63141822e-27]
 [5.14799739e-27 7.71675700e-27 5.21371578e-27]
 [2.63141822e-27 5.21371578e-27 7.75427390e-27]]
*** Corr ***
[[1.         0.66612059 0.33966536]
 [0.66612059 1.         0.67399919]
 [0.33966536 0.67399919 1.        ]]
*** Regularization term ***
[[1.55085478e-28 0.00000000e+00 0.00000000e+00]
 [0.00000000e+00 1.55085478e-28 0.00000000e+00]
 [0.00000000e+00 0.00000000e+00 1.55085478e-28]]
*** Inverse Cov mean ***
[[ 2.27664852e+26 -1.75220988e+26  3.97593501e+25]
 [-1.75220988e+26  3.60334495e+26 -1.79230944e+26]
 [ 3.97593501e+25 -1.79230944e+26  2.31350686e+26]]
*** Weight ***
[[0.48536981]
 [0.03096659]
 [0.4836636 ]]
*** Weighted output ***
[ 2.57411410e-14  6.81527412e-15  4.11013795e-14 ...  1.70312012e-14
 -1.95230767e-14 -3.43910493e-14]
*** Inverse variance weight ***
[0.20006412 0.19987965 0.19976322 0.20010597 0.20018705]
*** Inverse variance weighted clock ***
-9.902274566560473e-15
------------------Step 19------------------
*** Raw sum ***
[-9.25174812e-14  1.81262893e-13  3.08673095e-13 ... -8.83938441e-14
 -7.33841127e-14 -1.26307614e-13]
*** Raw sum ***
[ 3.21732244e-14  4.92486012e-14  2.02398136e-14 ...  6.88243463e-14
 -8.45050012e-14 -2.90905601e-14]
*** Raw sum ***
[ 1.33056778e-13  6.98823330e-14 -1.60686048e-13 ... -3.67957852e-14
 -1.34262499e-13  1.77325936e-14]
*** Cov mean ***
[[7.74032033e-27 5.14814739e-27 2.63141203e-27]
 [5.14814739e-27 7.71681218e-27 5.21371163e-27]
 [2.63141203e-27 5.21371163e-27 7.75423170e-27]]
*** Corr ***
[[1.         0.6661201  0.33965656]
 [0.6661201  1.         0.67399807]
 [0.33965656 0.67399807 1.        ]]
*** Regularization term ***
[[1.55084634e-28 0.00000000e+00 0.00000000e+00]
 [0.00000000e+00 1.55084634e-28 0.00000000e+00]
 [0.00000000e+00 0.00000000e+00 1.55084634e-28]]
*** Inverse Cov mean ***
[[ 2.27654217e+26 -1.75218674e+26  3.97616656e+25]
 [-1.75218674e+26  3.60335143e+26 -1.79233064e+26]
 [ 3.97616656e+25 -1.79233064e+26  2.31352510e+26]]
*** Weight ***
[[0.48534624]
 [0.03097153]
 [0.48368223]]
*** Weighted output ***
[ 6.81688077e-15  4.11004701e-14  2.42397322e-14 ... -1.95224972e-14
 -3.43914458e-14 -1.78756545e-14]
*** Inverse variance weight ***
[0.19951046 0.19986907 0.19992411 0.20106653 0.19962984]
*** Inverse variance weighted clock ***
2.729103519637336e-14
------------------Step 20------------------
*** Raw sum ***
[ 1.81262893e-13  3.08673095e-13  2.14490679e-13 ... -7.33841127e-14
 -1.26307614e-13  1.75045552e-13]
*** Raw sum ***
[ 4.92486012e-14  2.02398136e-14 -2.49157273e-14 ... -8.45050012e-14
 -2.90905601e-14  3.30281811e-13]
*** Raw sum ***
[ 6.98823330e-14 -1.60686048e-13 -4.51667895e-14 ... -1.34262499e-13
  1.77325936e-14  2.03392984e-13]
*** Cov mean ***
[[7.74043937e-27 5.14896850e-27 2.63210992e-27]
 [5.14896850e-27 7.71849411e-27 5.21467018e-27]
 [2.63210992e-27 5.21467018e-27 7.75459039e-27]]
*** Corr ***
[[1.         0.66614863 0.33973617]
 [0.66614863 1.         0.67403295]
 [0.33973617 0.67403295 1.        ]]
*** Regularization term ***
[[1.55091808e-28 0.00000000e+00 0.00000000e+00]
 [0.00000000e+00 1.55091808e-28 0.00000000e+00]
 [0.00000000e+00 0.00000000e+00 1.55091808e-28]]
*** Inverse Cov mean ***
[[ 2.27661469e+26 -1.75207454e+26  3.97511637e+25]
 [-1.75207454e+26  3.60283877e+26 -1.79222916e+26]
 [ 3.97511637e+25 -1.79222916e+26  2.31356825e+26]]
*** Weight ***
[[0.48543411]
 [0.03081705]
 [0.48374884]]
*** Weighted output ***
[ 4.11047950e-14  2.42441635e-14  2.71679600e-14 ... -3.43922248e-14
 -1.78774625e-14  6.45141711e-14]
*** Inverse variance weight ***
[0.19983719 0.19943094 0.19835555 0.20136603 0.20101029]
*** Inverse variance weighted clock ***
3.383541780379771e-14
------------------Step 21------------------
*** Raw sum ***
[ 3.08673095e-13  2.14490679e-13  3.52162809e-14 ... -1.26307614e-13
  1.75045552e-13  1.74742281e-13]
*** Raw sum ***
[ 2.02398136e-14 -2.49157273e-14  3.23038812e-14 ... -2.90905601e-14
  3.30281811e-13  4.05403934e-14]
*** Raw sum ***
[-1.60686048e-13 -4.51667895e-14  1.42048951e-13 ...  1.77325936e-14
  2.03392984e-13  4.04746347e-14]
*** Cov mean ***
[[7.74040344e-27 5.14894258e-27 2.63202594e-27]
 [5.14894258e-27 7.71848895e-27 5.21465750e-27]
 [2.63202594e-27 5.21465750e-27 7.75456355e-27]]
*** Corr ***
[[1.         0.66614705 0.3397267 ]
 [0.66614705 1.         0.6740327 ]
 [0.3397267  0.6740327  1.        ]]
*** Regularization term ***
[[1.55091271e-28 0.00000000e+00 0.00000000e+00]
 [0.00000000e+00 1.55091271e-28 0.00000000e+00]
 [0.00000000e+00 0.00000000e+00 1.55091271e-28]]
*** Inverse Cov mean ***
[[ 2.27662853e+26 -1.75209973e+26  3.97546381e+25]
 [-1.75209973e+26  3.60286979e+26 -1.79226026e+26]
 [ 3.97546381e+25 -1.79226026e+26  2.31358655e+26]]
*** Weight ***
[[0.48544129]
 [0.03080342]
 [0.48375528]]
*** Weighted output ***
[ 2.42444660e-14  2.71684901e-14  2.89358125e-14 ... -1.78775948e-14
  6.45135268e-14  3.52185734e-14]
*** Inverse variance weight ***
[0.20031875 0.19961057 0.19749554 0.20088459 0.20169055]
*** Inverse variance weighted clock ***
4.06704277879133e-14
------------------Step 22------------------
*** Raw sum ***
[ 2.14490679e-13  3.52162809e-14 -1.34453048e-13 ...  1.75045552e-13
  1.74742281e-13  1.36105267e-13]
*** Raw sum ***
[-2.49157273e-14  3.23038812e-14 -1.94292543e-13 ...  3.30281811e-13
  4.05403934e-14  6.22551493e-16]
*** Raw sum ***
[-4.51667895e-14  1.42048951e-13 -1.49636235e-13 ...  2.03392984e-13
  4.04746347e-14 -3.93336756e-14]
*** Cov mean ***
[[7.73916897e-27 5.14893146e-27 2.63287723e-27]
 [5.14893146e-27 7.71850238e-27 5.21466340e-27]
 [2.63287723e-27 5.21466340e-27 7.75397674e-27]]
*** Corr ***
[[1.         0.66619815 0.33987655]
 [0.66619815 1.         0.67405838]
 [0.33987655 0.67405838 1.        ]]
*** Regularization term ***
[[1.55079535e-28 0.00000000e+00 0.00000000e+00]
 [0.00000000e+00 1.55079535e-28 0.00000000e+00]
 [0.00000000e+00 0.00000000e+00 1.55079535e-28]]
*** Inverse Cov mean ***
[[ 2.27712142e+26 -1.75222198e+26  3.97249251e+25]
 [-1.75222198e+26  3.60290139e+26 -1.79219014e+26]
 [ 3.97249251e+25 -1.79219014e+26  2.31377287e+26]]
*** Weight ***
[[0.48547685]
 [0.03079242]
 [0.48373073]]
*** Weighted output ***
[ 2.71714935e-14  2.89349488e-14 -4.78800749e-14 ...  6.45127253e-14
  3.52201647e-14  1.56894063e-14]
*** Inverse variance weight ***
[0.19970717 0.20054612 0.19781383 0.20035647 0.20157641]
*** Inverse variance weighted clock ***
2.1895940315774683e-14
------------------Step 23------------------
*** Raw sum ***
[ 3.52162809e-14 -1.34453048e-13  5.41908279e-14 ...  1.74742281e-13
  1.36105267e-13  1.84741474e-13]
*** Raw sum ***
[ 3.23038812e-14 -1.94292543e-13 -1.26101138e-14 ...  4.05403934e-14
  6.22551493e-16  2.92569254e-13]
*** Raw sum ***
[ 1.42048951e-13 -1.49636235e-13 -5.09016612e-14 ...  4.04746347e-14
 -3.93336756e-14  1.60360603e-13]
*** Cov mean ***
[[7.73898125e-27 5.14987537e-27 2.63351079e-27]
 [5.14987537e-27 7.71973604e-27 5.21522172e-27]
 [2.63351079e-27 5.21522172e-27 7.75418260e-27]]
*** Corr ***
[[1.         0.66627512 0.33995794]
 [0.66627512 1.         0.67406773]
 [0.33995794 0.67406773 1.        ]]
*** Regularization term ***
[[1.55083652e-28 0.00000000e+00 0.00000000e+00]
 [0.00000000e+00 1.55083652e-28 0.00000000e+00]
 [0.00000000e+00 0.00000000e+00 1.55083652e-28]]
*** Inverse Cov mean ***
[[ 2.27754971e+26 -1.75251571e+26  3.97231064e+25]
 [-1.75251571e+26  3.60279855e+26 -1.79209091e+26]
 [ 3.97231064e+25 -1.79209091e+26  2.31374676e+26]]
*** Weight ***
[[0.48557034]
 [0.03063791]
 [0.48379175]]
*** Weighted output ***
[ 2.89372719e-14 -4.78773019e-14  4.33769151e-16 ...  3.52243454e-14
  1.56928155e-14  5.87499423e-14]
*** Inverse variance weight ***
[0.19994574 0.20018512 0.19750084 0.20098137 0.20138692]
*** Inverse variance weighted clock ***
-2.542164591931622e-14
------------------Step 24------------------
*** Raw sum ***
[-1.34453048e-13  5.41908279e-14  2.07913825e-14 ...  1.36105267e-13
  1.84741474e-13  1.65885740e-13]
*** Raw sum ***
[-1.94292543e-13 -1.26101138e-14 -1.19419477e-13 ...  6.22551493e-16
  2.92569254e-13  7.54169410e-14]
*** Raw sum ***
[-1.49636235e-13 -5.09016612e-14 -8.36563882e-14 ... -3.93336756e-14
  1.60360603e-13  1.00109977e-13]
*** Cov mean ***
[[7.73932633e-27 5.14999263e-27 2.63367447e-27]
 [5.14999263e-27 7.71977585e-27 5.21527463e-27]
 [2.63367447e-27 5.21527463e-27 7.75404199e-27]]
*** Corr ***
[[1.         0.66627372 0.33997458]
 [0.66627372 1.         0.67407895]
 [0.33997458 0.67407895 1.        ]]
*** Regularization term ***
[[1.5508084e-28 0.0000000e+00 0.0000000e+00]
 [0.0000000e+00 1.5508084e-28 0.0000000e+00]
 [0.0000000e+00 0.0000000e+00 1.5508084e-28]]
*** Inverse Cov mean ***
[[ 2.27743443e+26 -1.75244417e+26  3.97194072e+25]
 [-1.75244417e+26  3.60280505e+26 -1.79213936e+26]
 [ 3.97194072e+25 -1.79213936e+26  2.31383675e+26]]
*** Weight ***
[[0.48553974]
 [0.03065425]
 [0.48380601]]
*** Weighted output ***
[-4.78776999e-14  4.32905814e-16 -1.13463783e-14 ...  1.56912438e-14
  5.87504136e-14  4.37632591e-14]
*** Inverse variance weight ***
[0.19952965 0.19998949 0.19730938 0.20040956 0.20276192]
*** Inverse variance weighted clock ***
9.55526293182938e-14
------------------Step 25------------------
*** Raw sum ***
[ 5.41908279e-14  2.07913825e-14  1.28480245e-13 ...  1.84741474e-13
  1.65885740e-13 -2.00150154e-13]
*** Raw sum ***
[-1.26101138e-14 -1.19419477e-13 -7.29792269e-14 ...  2.92569254e-13
  7.54169410e-14 -9.70718811e-14]
*** Raw sum ***
[-5.09016612e-14 -8.36563882e-14 -2.47270447e-13 ...  1.60360603e-13
  1.00109977e-13 -1.13915628e-13]
*** Cov mean ***
[[7.73980462e-27 5.14985119e-27 2.63374195e-27]
 [5.14985119e-27 7.71914708e-27 5.21486684e-27]
 [2.63374195e-27 5.21486684e-27 7.75382721e-27]]
*** Corr ***
[[1.         0.66626197 0.33997749]
 [0.66626197 1.         0.67406303]
 [0.33997749 0.67406303 1.        ]]
*** Regularization term ***
[[1.55076544e-28 0.00000000e+00 0.00000000e+00]
 [0.00000000e+00 1.55076544e-28 0.00000000e+00]
 [0.00000000e+00 0.00000000e+00 1.55076544e-28]]
*** Inverse Cov mean ***
[[ 2.27720461e+26 -1.75229216e+26  3.97071586e+25]
 [-1.75229216e+26  3.60280403e+26 -1.79203823e+26]
 [ 3.97071586e+25 -1.79203823e+26  2.31377915e+26]]
*** Weight ***
[[0.48544122]
 [0.03078743]
 [0.48377135]]
*** Weighted output ***
[ 4.31154357e-16 -1.13513962e-14 -1.98331983e-14 ...  5.87554822e-14
  4.37600027e-14 -5.17529487e-14]
*** Inverse variance weight ***
[0.19986131 0.1993814  0.19907135 0.1994298  0.20225615]
*** Inverse variance weighted clock ***
-2.2462539370519107e-15
------------------Step 26------------------
*** Raw sum ***
[ 2.07913825e-14  1.28480245e-13 -2.77471273e-14 ...  1.65885740e-13
 -2.00150154e-13  5.97676491e-14]
*** Raw sum ***
[-1.19419477e-13 -7.29792269e-14 -4.85556617e-14 ...  7.54169410e-14
 -9.70718811e-14 -1.81055550e-13]
*** Raw sum ***
[-8.36563882e-14 -2.47270447e-13 -8.01565538e-14 ...  1.00109977e-13
 -1.13915628e-13 -2.03027758e-13]
*** Cov mean ***
[[7.73981035e-27 5.14975170e-27 2.63364757e-27]
 [5.14975170e-27 7.71993172e-27 5.21571254e-27]
 [2.63364757e-27 5.21571254e-27 7.75471478e-27]]
*** Corr ***
[[1.         0.66621499 0.33994572]
 [0.66621499 1.         0.6740995 ]
 [0.33994572 0.6740995  1.        ]]
*** Regularization term ***
[[1.55094296e-28 0.00000000e+00 0.00000000e+00]
 [0.00000000e+00 1.55094296e-28 0.00000000e+00]
 [0.00000000e+00 0.00000000e+00 1.55094296e-28]]
*** Inverse Cov mean ***
[[ 2.27698719e+26 -1.75203133e+26  3.97141065e+25]
 [-1.75203133e+26  3.60249033e+26 -1.79211923e+26]
 [ 3.97141065e+25 -1.79211923e+26  2.31374095e+26]]
*** Weight ***
[[0.48551873]
 [0.03071809]
 [0.48376318]]
*** Weighted output ***
[-1.13478709e-14 -1.98275182e-14 -1.79133588e-14 ...  4.37622730e-14
 -5.17555661e-14 -2.49202402e-14]
*** Inverse variance weight ***
[0.20057177 0.19971512 0.19916847 0.1983271  0.20221754]
*** Inverse variance weighted clock ***
-4.648115391785875e-15
------------------Step 27------------------
*** Raw sum ***
[ 1.28480245e-13 -2.77471273e-14  1.26626020e-13 ... -2.00150154e-13
  5.97676491e-14  2.60898450e-13]
*** Raw sum ***
[-7.29792269e-14 -4.85556617e-14  1.82170282e-13 ... -9.70718811e-14
 -1.81055550e-13  3.69779567e-13]
*** Raw sum ***
[-2.47270447e-13 -8.01565538e-14  6.88548722e-14 ... -1.13915628e-13
 -2.03027758e-13  3.40811476e-13]
*** Cov mean ***
[[7.74080272e-27 5.15119060e-27 2.63496058e-27]
 [5.15119060e-27 7.72167556e-27 5.21735707e-27]
 [2.63496058e-27 5.21735707e-27 7.75625576e-27]]
*** Corr ***
[[1.         0.66628317 0.34005962]
 [0.66628317 1.         0.67416892]
 [0.34005962 0.67416892 1.        ]]
*** Regularization term ***
[[1.55125115e-28 0.00000000e+00 0.00000000e+00]
 [0.00000000e+00 1.55125115e-28 0.00000000e+00]
 [0.00000000e+00 0.00000000e+00 1.55125115e-28]]
*** Inverse Cov mean ***
[[ 2.27702660e+26 -1.75213763e+26  3.97105432e+25]
 [-1.75213763e+26  3.60248360e+26 -1.79218141e+26]
 [ 3.97105432e+25 -1.79218141e+26  2.31364075e+26]]
*** Weight ***
[[0.48558639]
 [0.0306335 ]
 [0.48378011]]
*** Weighted output ***
[-1.98239583e-14 -1.79130679e-14  3.34596678e-14 ... -5.17579858e-14
 -2.49149332e-14  1.00964731e-13]
*** Inverse variance weight ***
[0.20035878 0.19892834 0.1996326  0.19919774 0.20188254]
*** Inverse variance weighted clock ***
1.5989360132514857e-15
------------------Step 28------------------
*** Raw sum ***
[-2.77471273e-14  1.26626020e-13 -1.49372132e-13 ...  5.97676491e-14
  2.60898450e-13 -1.60540298e-14]
*** Raw sum ***
[-4.85556617e-14  1.82170282e-13  5.97102255e-14 ... -1.81055550e-13
  3.69779567e-13 -1.25906428e-13]
*** Raw sum ***
[-8.01565538e-14  6.88548722e-14  1.44578781e-13 ... -2.03027758e-13
  3.40811476e-13 -1.11183264e-13]
*** Cov mean ***
[[7.74065844e-27 5.15150786e-27 2.63559010e-27]
 [5.15150786e-27 7.72192726e-27 5.21723914e-27]
 [2.63559010e-27 5.21723914e-27 7.75519822e-27]]
*** Corr ***
[[1.         0.66631956 0.34016722]
 [0.66631956 1.         0.67418865]
 [0.34016722 0.67418865 1.        ]]
*** Regularization term ***
[[1.55103964e-28 0.00000000e+00 0.00000000e+00]
 [0.00000000e+00 1.55103964e-28 0.00000000e+00]
 [0.00000000e+00 0.00000000e+00 1.55103964e-28]]
*** Inverse Cov mean ***
[[ 2.27718154e+26 -1.75213791e+26  3.96900815e+25]
 [-1.75213791e+26  3.60243451e+26 -1.79220018e+26]
 [ 3.96900815e+25 -1.79220018e+26  2.31397848e+26]]
*** Weight ***
[[0.48556104]
 [0.03059768]
 [0.48384129]]
*** Weighted output ***
[-1.79138882e-14  3.34578263e-14 -2.49703063e-16 ... -2.49174164e-14
  1.00965060e-13 -2.18142365e-14]
*** Inverse variance weight ***
[0.19929272 0.19969254 0.20001768 0.19986932 0.20112775]
*** Inverse variance weighted clock ***
-4.126198892192194e-14
------------------Step 29------------------
*** Raw sum ***
[ 1.26626020e-13 -1.49372132e-13  5.04097756e-14 ...  2.60898450e-13
 -1.60540298e-14  1.09190299e-13]
*** Raw sum ***
