------------------Step 0------------------
*** Raw sum ***
[ 2.15138413e-13 -2.76105251e-14 -2.96313088e-13 ...  8.90412752e-14
  4.90932058e-14 -1.80606993e-13]
*** Raw sum ***
[ 1.68698301e-13  4.44202802e-14  1.79125557e-13 ...  2.78279845e-13
  1.69706412e-13 -6.91999525e-14]
*** Raw sum ***
[-1.02561525e-14  9.07567627e-14  2.00940558e-13 ...  2.31574164e-13
  1.27225735e-13 -4.30096374e-14]
*** Cov mean ***
[[7.77665554e-27 5.18971460e-27 2.61133483e-27]
 [5.18971460e-27 7.77624749e-27 5.19049916e-27]
 [2.61133483e-27 5.19049916e-27 7.75873855e-27]]
*** Corr ***
[[1.         0.66736282 0.33617899]
 [0.66736282 1.         0.66823394]
 [0.33617899 0.66823394 1.        ]]
*** Regularization term ***
[[1.55533111e-28 0.00000000e+00 0.00000000e+00]
 [0.00000000e+00 1.55533111e-28 0.00000000e+00]
 [0.00000000e+00 0.00000000e+00 1.55533111e-28]]
*** Inverse Cov mean ***
[[ 2.27259068e+26 -1.74528290e+26  3.94779753e+25]
 [-1.74528290e+26  3.54898144e+26 -1.75170474e+26]
 [ 3.94779753e+25 -1.75170474e+26  2.28212028e+26]]
*** Weight ***
[[0.48549407]
 [0.02737558]
 [0.48713035]]
*** Weighted output ***
[ 3.46901847e-14  1.06738862e-14 -1.36901117e-14 ...  5.45512958e-14
  3.01519297e-14 -3.68431042e-14]
*** Inverse variance weight ***
[0.19994181 0.20052821 0.20019554 0.199648   0.19968644]
*** Inverse variance weighted clock ***
-1.0658383645995011e-15
------------------Step 1------------------
*** Raw sum ***
[-2.76105251e-14 -2.96313088e-13  1.60463371e-13 ...  4.90932058e-14
 -1.80606993e-13 -6.51887337e-14]
*** Raw sum ***
[ 4.44202802e-14  1.79125557e-13  1.37405325e-13 ...  1.69706412e-13
 -6.91999525e-14 -1.03325148e-13]
*** Raw sum ***
[ 9.07567627e-14  2.00940558e-13 -2.98718452e-14 ...  1.27225735e-13
 -4.30096374e-14 -2.58459869e-14]
*** Cov mean ***
[[7.77653774e-27 5.18966152e-27 2.61140561e-27]
 [5.18966152e-27 7.77625540e-27 5.19057125e-27]
 [2.61140561e-27 5.19057125e-27 7.75874678e-27]]
*** Corr ***
[[1.         0.66736071 0.33619047]
 [0.66736071 1.         0.66824253]
 [0.33619047 0.66824253 1.        ]]
*** Regularization term ***
[[1.55530755e-28 0.00000000e+00 0.00000000e+00]
 [0.00000000e+00 1.55530755e-28 0.00000000e+00]
 [0.00000000e+00 0.00000000e+00 1.55530755e-28]]
*** Inverse Cov mean ***
[[ 2.27260608e+26 -1.74526681e+26  3.94759402e+25]
 [-1.74526681e+26  3.54898983e+26 -1.75173097e+26]
 [ 3.94759402e+25 -1.75173097e+26  2.28215493e+26]]
*** Weight ***
[[0.48550058]
 [0.0273747 ]
 [0.48712472]]
*** Weighted output ***
[ 1.06736429e-14 -1.36911850e-14  2.23717248e-14 ...  3.01517475e-14
 -3.68433952e-14 -1.56892940e-14]
*** Inverse variance weight ***
[0.19977018 0.1993775  0.19943778 0.20041781 0.20099673]
*** Inverse variance weighted clock ***
-2.0717373670009044e-15
------------------Step 2------------------
*** Raw sum ***
[-2.96313088e-13  1.60463371e-13  2.36810811e-13 ... -1.80606993e-13
 -6.51887337e-14  2.83432421e-13]
*** Raw sum ***
[ 1.79125557e-13  1.37405325e-13  2.61508344e-13 ... -6.91999525e-14
 -1.03325148e-13  1.43161519e-13]
*** Raw sum ***
[ 2.00940558e-13 -2.98718452e-14  2.32939288e-13 ... -4.30096374e-14
 -2.58459869e-14  1.04094058e-13]
*** Cov mean ***
[[7.77682090e-27 5.18978994e-27 2.61149580e-27]
 [5.18978994e-27 7.77630840e-27 5.19060153e-27]
 [2.61149580e-27 5.19060153e-27 7.75875400e-27]]
*** Corr ***
[[1.         0.6673628  0.33619581]
 [0.6673628  1.         0.66824384]
 [0.33619581 0.66824384 1.        ]]
*** Regularization term ***
[[1.55536418e-28 0.00000000e+00 0.00000000e+00]
 [0.00000000e+00 1.55536418e-28 0.00000000e+00]
 [0.00000000e+00 0.00000000e+00 1.55536418e-28]]
*** Inverse Cov mean ***
[[ 2.27252870e+26 -1.74522910e+26  3.94740341e+25]
 [-1.74522910e+26  3.54896561e+26 -1.75171836e+26]
 [ 3.94740341e+25 -1.75171836e+26  2.28215144e+26]]
*** Weight ***
[[0.48548054]
 [0.02738905]
 [0.48713041]]
*** Weighted output ***
[-1.36879681e-14  2.23712537e-14  7.85337722e-14 ... -3.68426015e-14
 -1.56894018e-14  6.40764548e-14]
*** Inverse variance weight ***
[0.1998982  0.1999577  0.19913179 0.19988043 0.20113188]
*** Inverse variance weighted clock ***
-3.402245603045217e-14
------------------Step 3------------------
*** Raw sum ***
[ 1.60463371e-13  2.36810811e-13  6.47423775e-15 ... -6.51887337e-14
  2.83432421e-13  6.46093029e-14]
*** Raw sum ***
[ 1.37405325e-13  2.61508344e-13  5.24345898e-14 ... -1.03325148e-13
  1.43161519e-13  1.73074877e-15]
*** Raw sum ***
[-2.98718452e-14  2.32939288e-13 -1.30070874e-13 ... -2.58459869e-14
  1.04094058e-13  1.84241834e-13]
*** Cov mean ***
[[7.77633483e-27 5.19000063e-27 2.61176367e-27]
 [5.19000063e-27 7.77621871e-27 5.19047118e-27]
 [2.61176367e-27 5.19047118e-27 7.75873025e-27]]
*** Corr ***
[[1.         0.6674146  0.33624131]
 [0.6674146  1.         0.66823193]
 [0.33624131 0.66823193 1.        ]]
*** Regularization term ***
[[1.55526697e-28 0.00000000e+00 0.00000000e+00]
 [0.00000000e+00 1.55526697e-28 0.00000000e+00]
 [0.00000000e+00 0.00000000e+00 1.55526697e-28]]
*** Inverse Cov mean ***
[[ 2.27291673e+26 -1.74554059e+26  3.94712578e+25]
 [-1.74554059e+26  3.54918728e+26 -1.75165084e+26]
 [ 3.94712578e+25 -1.75165084e+26  2.28208376e+26]]
*** Weight ***
[[0.48550659]
 [0.02737734]
 [0.48711607]]
*** Weighted output ***
[ 2.23722533e-14  7.85336943e-14 -1.95936030e-14 ... -1.56894409e-14
  6.40778595e-14  4.03875948e-14]
*** Inverse variance weight ***
[0.20034825 0.20006899 0.19926194 0.19967994 0.20064088]
*** Inverse variance weighted clock ***
1.5590163128184484e-14
------------------Step 4------------------
*** Raw sum ***
[ 2.36810811e-13  6.47423775e-15 -1.09715699e-14 ...  2.83432421e-13
  6.46093029e-14 -9.08832304e-14]
*** Raw sum ***
[ 2.61508344e-13  5.24345898e-14 -3.33444202e-14 ...  1.43161519e-13
  1.73074877e-15  1.05159487e-13]
*** Raw sum ***
[ 2.32939288e-13 -1.30070874e-13 -4.66132385e-14 ...  1.04094058e-13
  1.84241834e-13  2.63729496e-13]
*** Cov mean ***
[[7.77632274e-27 5.18990041e-27 2.61168006e-27]
 [5.18990041e-27 7.77619319e-27 5.19057571e-27]
 [2.61168006e-27 5.19057571e-27 7.75894207e-27]]
*** Corr ***
[[1.         0.66740332 0.33622622]
 [0.66740332 1.         0.66823736]
 [0.33622622 0.66823736 1.        ]]
*** Regularization term ***
[[1.55526455e-28 0.00000000e+00 0.00000000e+00]
 [0.00000000e+00 1.55526455e-28 0.00000000e+00]
 [0.00000000e+00 0.00000000e+00 1.55526455e-28]]
*** Inverse Cov mean ***
[[ 2.27287754e+26 -1.74552108e+26  3.94749230e+25]
 [-1.74552108e+26  3.54921549e+26 -1.75169426e+26]
 [ 3.94749230e+25 -1.75169426e+26  2.28206644e+26]]
*** Weight ***
[[0.48551625]
 [0.02737964]
 [0.48710411]]
*** Weighted output ***
[ 7.85337287e-14 -1.95930235e-14 -9.64844460e-15 ...  6.40784668e-14
  4.03870697e-14  2.90725553e-14]
*** Inverse variance weight ***
[0.1994682  0.19964198 0.19980287 0.20033379 0.20075317]
*** Inverse variance weighted clock ***
-3.134292919470146e-15
------------------Step 5------------------
*** Raw sum ***
[ 6.47423775e-15 -1.09715699e-14  2.15230907e-13 ...  6.46093029e-14
 -9.08832304e-14 -1.50285526e-13]
*** Raw sum ***
[ 5.24345898e-14 -3.33444202e-14  4.24986913e-13 ...  1.73074877e-15
  1.05159487e-13 -4.02871363e-15]
*** Raw sum ***
[-1.30070874e-13 -4.66132385e-14  3.77399484e-13 ...  1.84241834e-13
  2.63729496e-13  2.23217603e-14]
*** Cov mean ***
[[7.77627375e-27 5.18971709e-27 2.61150792e-27]
 [5.18971709e-27 7.77596474e-27 5.19037616e-27]
 [2.61150792e-27 5.19037616e-27 7.75876925e-27]]
*** Corr ***
[[1.         0.66739165 0.33620886]
 [0.66739165 1.         0.66822893]
 [0.33620886 0.66822893 1.        ]]
*** Regularization term ***
[[1.55525475e-28 0.00000000e+00 0.00000000e+00]
 [0.00000000e+00 1.55525475e-28 0.00000000e+00]
 [0.00000000e+00 0.00000000e+00 1.55525475e-28]]
*** Inverse Cov mean ***
[[ 2.27283390e+26 -1.74548275e+26  3.94752589e+25]
 [-1.74548275e+26  3.54920307e+26 -1.75168571e+26]
 [ 3.94752589e+25 -1.75168571e+26  2.28207426e+26]]
*** Weight ***
[[0.48550187]
 [0.02739703]
 [0.48710111]]
*** Weighted output ***
[-1.95926201e-14 -9.64853854e-15  9.99900303e-14 ...  4.03865852e-14
  2.90733360e-14 -2.07337748e-14]
*** Inverse variance weight ***
[0.19928436 0.19944425 0.2007843  0.20040848 0.20007861]
*** Inverse variance weighted clock ***
1.7925886531006567e-14
------------------Step 6------------------
*** Raw sum ***
[-1.09715699e-14  2.15230907e-13  1.05209029e-13 ... -9.08832304e-14
 -1.50285526e-13 -1.44751855e-13]
*** Raw sum ***
[-3.33444202e-14  4.24986913e-13 -8.88213297e-14 ...  1.05159487e-13
 -4.02871363e-15  1.21106702e-13]
*** Raw sum ***
[-4.66132385e-14  3.77399484e-13 -1.12308965e-13 ...  2.63729496e-13
  2.23217603e-14  3.88306093e-13]
*** Cov mean ***
[[7.77641199e-27 5.18965003e-27 2.61120790e-27]
 [5.18965003e-27 7.77599714e-27 5.19052708e-27]
 [2.61120790e-27 5.19052708e-27 7.75920172e-27]]
*** Corr ***
[[1.         0.66737571 0.33615788]
 [0.66737571 1.         0.66822835]
 [0.33615788 0.66822835 1.        ]]
*** Regularization term ***
[[1.5552824e-28 0.0000000e+00 0.0000000e+00]
 [0.0000000e+00 1.5552824e-28 0.0000000e+00]
 [0.0000000e+00 0.0000000e+00 1.5552824e-28]]
*** Inverse Cov mean ***
[[ 2.27276500e+26 -1.74550782e+26  3.94889490e+25]
 [-1.74550782e+26  3.54927030e+26 -1.75175905e+26]
 [ 3.94889490e+25 -1.75175905e+26  2.28200006e+26]]
*** Weight ***
[[0.48552419]
 [0.0273806 ]
 [0.48709522]]
*** Weighted output ***
[-9.64834605e-15  9.99885633e-14 -2.01853752e-15 ...  2.90715663e-14
 -2.07349146e-14  4.07258291e-14]
*** Inverse variance weight ***
[0.20054797 0.19929149 0.20058782 0.199472   0.20010071]
*** Inverse variance weighted clock ***
-6.16447782576555e-15
------------------Step 7------------------
*** Raw sum ***
[ 2.15230907e-13  1.05209029e-13 -3.50476842e-14 ... -1.50285526e-13
 -1.44751855e-13  1.82932407e-13]
*** Raw sum ***
[ 4.24986913e-13 -8.88213297e-14 -7.07889603e-14 ... -4.02871363e-15
  1.21106702e-13  1.81180686e-14]
*** Raw sum ***
[ 3.77399484e-13 -1.12308965e-13  1.79989681e-14 ...  2.23217603e-14
  3.88306093e-13  2.99305317e-14]
*** Cov mean ***
[[7.77651324e-27 5.18962447e-27 2.61118536e-27]
 [5.18962447e-27 7.77597644e-27 5.19050041e-27]
 [2.61118536e-27 5.19050041e-27 7.75916815e-27]]
*** Corr ***
[[1.         0.66736897 0.33615352]
 [0.66736897 1.         0.66822725]
 [0.33615352 0.66822725 1.        ]]
*** Regularization term ***
[[1.55530265e-28 0.00000000e+00 0.00000000e+00]
 [0.00000000e+00 1.55530265e-28 0.00000000e+00]
 [0.00000000e+00 0.00000000e+00 1.55530265e-28]]
*** Inverse Cov mean ***
[[ 2.27269793e+26 -1.74545082e+26  3.94876404e+25]
 [-1.74545082e+26  3.54922098e+26 -1.75174550e+26]
 [ 3.94876404e+25 -1.75174550e+26  2.28199980e+26]]
*** Weight ***
[[0.48551243]
 [0.0273918 ]
 [0.48709577]]
*** Weighted output ***
[ 9.99893765e-14 -2.01930215e-15 -3.39596733e-15 ... -2.07343366e-14
  4.07269203e-14  3.46304265e-14]
*** Inverse variance weight ***
[0.20012246 0.19978771 0.19998996 0.19945029 0.20064958]
*** Inverse variance weighted clock ***
-2.7006175961703255e-14
------------------Step 8------------------
*** Raw sum ***
[ 1.05209029e-13 -3.50476842e-14  1.86191508e-14 ... -1.44751855e-13
  1.82932407e-13  2.95300043e-13]
*** Raw sum ***
[-8.88213297e-14 -7.07889603e-14 -1.99234092e-13 ...  1.21106702e-13
  1.81180686e-14  5.48597456e-14]
*** Raw sum ***
[-1.12308965e-13  1.79989681e-14 -2.13079539e-13 ...  3.88306093e-13
  2.99305317e-14  1.02149865e-13]
*** Cov mean ***
[[7.77668055e-27 5.18931342e-27 2.61097220e-27]
 [5.18931342e-27 7.77527695e-27 5.18989630e-27]
 [2.61097220e-27 5.18989630e-27 7.75865650e-27]]
*** Corr ***
[[1.         0.6673518  0.33613355]
 [0.6673518  1.         0.66820156]
 [0.33613355 0.66820156 1.        ]]
*** Regularization term ***
[[1.55533611e-28 0.00000000e+00 0.00000000e+00]
 [0.00000000e+00 1.55533611e-28 0.00000000e+00]
 [0.00000000e+00 0.00000000e+00 1.55533611e-28]]
*** Inverse Cov mean ***
[[ 2.27253801e+26 -1.74533408e+26  3.94805943e+25]
 [-1.74533408e+26  3.54919570e+26 -1.75165604e+26]
 [ 3.94805943e+25 -1.75165604e+26  2.28198787e+26]]
*** Weight ***
[[0.4854336 ]
 [0.02748598]
 [0.48708042]]
*** Weighted output ***
[-2.02428065e-15 -3.39736083e-15 -3.34082181e-14 ...  4.07325393e-14
  3.46260351e-14  6.48705452e-14]
*** Inverse variance weight ***
[0.20020015 0.19991217 0.20030587 0.19957702 0.20000478]
*** Inverse variance weighted clock ***
-4.396410551235329e-14
------------------Step 9------------------
*** Raw sum ***
[-3.50476842e-14  1.86191508e-14 -1.80713914e-13 ...  1.82932407e-13
  2.95300043e-13  1.79156847e-14]
*** Raw sum ***
[-7.07889603e-14 -1.99234092e-13 -1.59018460e-13 ...  1.81180686e-14
  5.48597456e-14  2.12923337e-13]
*** Raw sum ***
[ 1.79989681e-14 -2.13079539e-13 -1.73302896e-13 ...  2.99305317e-14
  1.02149865e-13 -8.71902017e-14]
*** Cov mean ***
[[7.77665471e-27 5.18934748e-27 2.61103200e-27]
 [5.18934748e-27 7.77535024e-27 5.18970550e-27]
 [2.61103200e-27 5.18970550e-27 7.75862422e-27]]
*** Corr ***
[[1.         0.66735415 0.3361425 ]
 [0.66735415 1.         0.66817523]
 [0.3361425  0.66817523 1.        ]]
*** Regularization term ***
[[1.55533094e-28 0.00000000e+00 0.00000000e+00]
 [0.00000000e+00 1.55533094e-28 0.00000000e+00]
 [0.00000000e+00 0.00000000e+00 1.55533094e-28]]
*** Inverse Cov mean ***
[[ 2.27251997e+26 -1.74522659e+26  3.94683797e+25]
 [-1.74522659e+26  3.54889055e+26 -1.75139990e+26]
 [ 3.94683797e+25 -1.75139990e+26  2.28182445e+26]]
*** Weight ***
[[0.48541732]
 [0.02751682]
 [0.48706586]]
*** Weighted output ***
[-3.39798564e-15 -3.34093334e-14 -5.88357568e-14 ...  3.46250832e-14
  6.48690108e-14 -9.30393805e-15]
*** Inverse variance weight ***
[0.20105818 0.19959341 0.20075002 0.19898352 0.19961486]
*** Inverse variance weighted clock ***
7.49898175655983e-14
------------------Step 10------------------
*** Raw sum ***
[ 1.86191508e-14 -1.80713914e-13  2.35432227e-14 ...  2.95300043e-13
  1.79156847e-14 -1.51421619e-13]
*** Raw sum ***
[-1.99234092e-13 -1.59018460e-13 -2.31602226e-14 ...  5.48597456e-14
  2.12923337e-13  9.53668597e-14]
*** Raw sum ***
[-2.13079539e-13 -1.73302896e-13 -1.07414918e-13 ...  1.02149865e-13
 -8.71902017e-14  1.82364735e-13]
*** Cov mean ***
[[7.77678706e-27 5.18926568e-27 2.61090558e-27]
 [5.18926568e-27 7.77531403e-27 5.18973464e-27]
 [2.61090558e-27 5.18973464e-27 7.75871731e-27]]
*** Corr ***
[[1.         0.6673395  0.33612135]
 [0.6673395  1.         0.66817653]
 [0.33612135 0.66817653 1.        ]]
*** Regularization term ***
[[1.55535741e-28 0.00000000e+00 0.00000000e+00]
 [0.00000000e+00 1.55535741e-28 0.00000000e+00]
 [0.00000000e+00 0.00000000e+00 1.55535741e-28]]
*** Inverse Cov mean ***
[[ 2.27242079e+26 -1.74516834e+26  3.94716273e+25]
 [-1.74516834e+26  3.54887451e+26 -1.75142836e+26]
 [ 3.94716273e+25 -1.75142836e+26  2.28181755e+26]]
*** Weight ***
[[0.48541225]
 [0.02752403]
 [0.48706373]]
*** Weighted output ***
[-3.34096915e-14 -5.88357100e-14 -1.38424014e-14 ...  6.48685709e-14
 -9.30339487e-15  5.98207292e-15]
*** Inverse variance weight ***
[0.20084598 0.19966399 0.20008477 0.19908542 0.20031983]
*** Inverse variance weighted clock ***
5.2890042201742576e-14
------------------Step 11------------------
*** Raw sum ***
[-1.80713914e-13  2.35432227e-14  2.55766892e-13 ...  1.79156847e-14
 -1.51421619e-13 -6.24026472e-14]
*** Raw sum ***
[-1.59018460e-13 -2.31602226e-14  1.76891456e-13 ...  2.12923337e-13
  9.53668597e-14  1.02405693e-13]
*** Raw sum ***
[-1.73302896e-13 -1.07414918e-13  9.61218648e-14 ... -8.71902017e-14
  1.82364735e-13  1.05792128e-13]
*** Cov mean ***
[[7.77682568e-27 5.18922539e-27 2.61086434e-27]
 [5.18922539e-27 7.77507874e-27 5.18948087e-27]
 [2.61086434e-27 5.18948087e-27 7.75844371e-27]]
*** Corr ***
[[1.         0.66734276 0.33612113]
 [0.66734276 1.         0.66816575]
 [0.33612113 0.66816575 1.        ]]
*** Regularization term ***
[[1.55536514e-28 0.00000000e+00 0.00000000e+00]
 [0.00000000e+00 1.55536514e-28 0.00000000e+00]
 [0.00000000e+00 0.00000000e+00 1.55536514e-28]]
*** Inverse Cov mean ***
[[ 2.27241660e+26 -1.74517820e+26  3.94693606e+25]
 [-1.74517820e+26  3.54890139e+26 -1.75139841e+26]
 [ 3.94693606e+25 -1.75139841e+26  2.28182995e+26]]
*** Weight ***
[[0.48538527]
 [0.02754832]
 [0.48706641]]
*** Weighted output ***
[-5.88355276e-14 -1.38428968e-14  5.86120920e-14 ... -9.30190941e-15
  5.98437029e-15  8.01985717e-15]
*** Inverse variance weight ***
[0.20071453 0.19875301 0.20032441 0.20002474 0.2001833 ]
*** Inverse variance weighted clock ***
4.25835366424903e-14
------------------Step 12------------------
*** Raw sum ***
[ 2.35432227e-14  2.55766892e-13 -3.12992483e-14 ... -1.51421619e-13
 -6.24026472e-14  3.07354362e-13]
*** Raw sum ***
[-2.31602226e-14  1.76891456e-13 -5.00668435e-14 ...  9.53668597e-14
  1.02405693e-13  1.11591348e-13]
*** Raw sum ***
[-1.07414918e-13  9.61218648e-14 -3.09255286e-14 ...  1.82364735e-13
  1.05792128e-13  1.59786490e-13]
*** Cov mean ***
[[7.77697811e-27 5.18913310e-27 2.61081290e-27]
 [5.18913310e-27 7.77492954e-27 5.18933168e-27]
 [2.61081290e-27 5.18933168e-27 7.75830250e-27]]
*** Corr ***
[[1.         0.66733076 0.33611427]
 [0.66733076 1.         0.66815903]
 [0.33611427 0.66815903 1.        ]]
*** Regularization term ***
[[1.55539562e-28 0.00000000e+00 0.00000000e+00]
 [0.00000000e+00 1.55539562e-28 0.00000000e+00]
 [0.00000000e+00 0.00000000e+00 1.55539562e-28]]
*** Inverse Cov mean ***
[[ 2.27229846e+26 -1.74507160e+26  3.94651445e+25]
 [-1.74507160e+26  3.54881217e+26 -1.75135009e+26]
 [ 3.94651445e+25 -1.75135009e+26  2.28182156e+26]]
*** Weight ***
[[0.4853545 ]
 [0.02758277]
 [0.48706273]]
*** Weighted output ***
[-1.38432725e-14  5.86113820e-14 -1.05449619e-14 ...  5.98679468e-15
  8.02154329e-15  7.66932885e-14]
*** Inverse variance weight ***
[0.20031018 0.19901959 0.20052979 0.20048302 0.19965741]
*** Inverse variance weighted clock ***
-2.175564408934077e-15
------------------Step 13------------------
*** Raw sum ***
[ 2.55766892e-13 -3.12992483e-14  2.75785519e-14 ... -6.24026472e-14
  3.07354362e-13 -1.89134707e-13]
*** Raw sum ***
[ 1.76891456e-13 -5.00668435e-14  1.17677949e-13 ...  1.02405693e-13
  1.11591348e-13 -2.47045139e-13]
*** Raw sum ***
[ 9.61218648e-14 -3.09255286e-14  7.92057628e-14 ...  1.05792128e-13
  1.59786490e-13 -1.85914256e-13]
*** Cov mean ***
[[7.77719943e-27 5.18941790e-27 2.61103658e-27]
 [5.18941790e-27 7.77528390e-27 5.18958628e-27]
 [2.61103658e-27 5.18958628e-27 7.75843747e-27]]
*** Corr ***
[[1.         0.66734268 0.33613536]
 [0.66734268 1.         0.66817078]
 [0.33613536 0.66817078 1.        ]]
*** Regularization term ***
[[1.55543989e-28 0.00000000e+00 0.00000000e+00]
 [0.00000000e+00 1.55543989e-28 0.00000000e+00]
 [0.00000000e+00 0.00000000e+00 1.55543989e-28]]
*** Inverse Cov mean ***
[[ 2.27229129e+26 -1.74507570e+26  3.94641461e+25]
 [-1.74507570e+26  3.54878132e+26 -1.75136250e+26]
 [ 3.94641461e+25 -1.75136250e+26  2.28183799e+26]]
*** Weight ***
[[0.48536237]
 [0.02755892]
 [0.48707872]]
*** Weighted output ***
[ 5.86111586e-14 -1.05448107e-14  1.84027031e-14 ...  8.02112910e-15
  7.66940587e-14 -6.30540142e-14]
*** Inverse variance weight ***
[0.19965945 0.20036906 0.20025382 0.19999376 0.19972391]
*** Inverse variance weighted clock ***
-4.3538452679218356e-14
------------------Step 14------------------
*** Raw sum ***
[-3.12992483e-14  2.75785519e-14 -2.60171263e-13 ...  3.07354362e-13
 -1.89134707e-13  1.91615484e-13]
*** Raw sum ***
[-5.00668435e-14  1.17677949e-13 -2.62700283e-13 ...  1.11591348e-13
 -2.47045139e-13  2.08943645e-14]
*** Raw sum ***
[-3.09255286e-14  7.92057628e-14 -1.97424389e-13 ...  1.59786490e-13
 -1.85914256e-13 -1.70570006e-13]
*** Cov mean ***
[[7.77708413e-27 5.18925899e-27 2.61081958e-27]
 [5.18925899e-27 7.77519280e-27 5.18956348e-27]
 [2.61081958e-27 5.18956348e-27 7.75862576e-27]]
*** Corr ***
[[1.         0.6673311  0.33610584]
 [0.6673311  1.         0.66816365]
 [0.33610584 0.66816365 1.        ]]
*** Regularization term ***
[[1.55541683e-28 0.00000000e+00 0.00000000e+00]
 [0.00000000e+00 1.55541683e-28 0.00000000e+00]
 [0.00000000e+00 0.00000000e+00 1.55541683e-28]]
*** Inverse Cov mean ***
[[ 2.27228731e+26 -1.74508192e+26  3.94694862e+25]
 [-1.74508192e+26  3.54878520e+26 -1.75135946e+26]
 [ 3.94694862e+25 -1.75135946e+26  2.28177053e+26]]
*** Weight ***
[[0.48537671]
 [0.0275588 ]
 [0.48706449]]
*** Weighted output ***
[-1.05448117e-14  1.84024548e-14 -7.65597286e-14 ...  7.66947660e-14
 -6.30540273e-14  3.50097471e-15]
*** Inverse variance weight ***
[0.20044492 0.19969233 0.20039585 0.20072322 0.19874368]
*** Inverse variance weighted clock ***
7.233837483111695e-14
------------------Step 15------------------
*** Raw sum ***
[ 2.75785519e-14 -2.60171263e-13  1.76915123e-13 ... -1.89134707e-13
  1.91615484e-13  1.32136829e-13]
*** Raw sum ***
[ 1.17677949e-13 -2.62700283e-13  7.86984608e-15 ... -2.47045139e-13
  2.08943645e-14  1.67734493e-13]
*** Raw sum ***
[ 7.92057628e-14 -1.97424389e-13  8.49255435e-14 ... -1.85914256e-13
 -1.70570006e-13  1.39902369e-13]
*** Cov mean ***
[[7.77711565e-27 5.18929739e-27 2.61084775e-27]
 [5.18929739e-27 7.77523920e-27 5.18959727e-27]
 [2.61084775e-27 5.18959727e-27 7.75865022e-27]]
*** Corr ***
[[1.         0.66733269 0.33610826]
 [0.66733269 1.         0.66816495]
 [0.33610826 0.66816495 1.        ]]
*** Regularization term ***
[[1.55542313e-28 0.00000000e+00 0.00000000e+00]
 [0.00000000e+00 1.55542313e-28 0.00000000e+00]
 [0.00000000e+00 0.00000000e+00 1.55542313e-28]]
*** Inverse Cov mean ***
[[ 2.27228606e+26 -1.74508289e+26  3.94694021e+25]
 [-1.74508289e+26  3.54878084e+26 -1.75135967e+26]
 [ 3.94694021e+25 -1.75135967e+26  2.28176978e+26]]
*** Weight ***
[[0.48537775]
 [0.02755604]
 [0.48706621]]
*** Weighted output ***
[ 1.84024014e-14 -7.65596903e-14  4.24839630e-14 ... -6.30539721e-14
  3.50092442e-15  4.56333638e-14]
*** Inverse variance weight ***
[0.19972703 0.20014869 0.19982334 0.20105063 0.19925031]
*** Inverse variance weighted clock ***
1.4542003839410862e-14
------------------Step 16------------------
*** Raw sum ***
[-2.60171263e-13  1.76915123e-13  7.63229926e-14 ...  1.91615484e-13
  1.32136829e-13 -3.06476569e-13]
*** Raw sum ***
[-2.62700283e-13  7.86984608e-15  4.84573136e-14 ...  2.08943645e-14
  1.67734493e-13 -2.74528562e-13]
*** Raw sum ***
[-1.97424389e-13  8.49255435e-14  7.99687815e-14 ... -1.70570006e-13
  1.39902369e-13  9.91764791e-14]
*** Cov mean ***
[[7.77763852e-27 5.18978104e-27 2.61075453e-27]
 [5.18978104e-27 7.77565412e-27 5.18949562e-27]
 [2.61075453e-27 5.18949562e-27 7.75865950e-27]]
*** Corr ***
[[1.         0.66735465 0.33608476]
 [0.66735465 1.         0.66813364]
 [0.33608476 0.66813364 1.        ]]
*** Regularization term ***
[[1.5555277e-28 0.0000000e+00 0.0000000e+00]
 [0.0000000e+00 1.5555277e-28 0.0000000e+00]
 [0.0000000e+00 0.0000000e+00 1.5555277e-28]]
*** Inverse Cov mean ***
[[ 2.27226712e+26 -1.74514210e+26  3.94742458e+25]
 [-1.74514210e+26  3.54860633e+26 -1.75119631e+26]
 [ 3.94742458e+25 -1.75119631e+26  2.28162315e+26]]
*** Weight ***
[[0.48537103]
 [0.0275195 ]
 [0.48710947]]
*** Weighted output ***
[-7.65587547e-14  4.24846954e-14  2.57773471e-14 ...  3.49778088e-15
  4.56330422e-14 -3.59999785e-14]
*** Inverse variance weight ***
[0.19910557 0.20003261 0.20074009 0.20034526 0.19977646]
*** Inverse variance weighted clock ***
-1.4822104679003744e-14
------------------Step 17------------------
*** Raw sum ***
[ 1.76915123e-13  7.63229926e-14 -9.25174812e-14 ...  1.32136829e-13
 -3.06476569e-13 -1.20045090e-13]
*** Raw sum ***
[ 7.86984608e-15  4.84573136e-14  3.21732244e-14 ...  1.67734493e-13
 -2.74528562e-13 -6.35808558e-15]
*** Raw sum ***
[8.49255435e-14 7.99687815e-14 1.33056778e-13 ... 1.39902369e-13
 9.91764791e-14 9.87367241e-14]
*** Cov mean ***
[[7.77735346e-27 5.18940978e-27 2.61039597e-27]
 [5.18940978e-27 7.77524977e-27 5.18915716e-27]
 [2.61039597e-27 5.18915716e-27 7.75841716e-27]]
*** Corr ***
[[1.         0.66733649 0.33605001]
 [0.66733649 1.         0.66811787]
 [0.33605001 0.66811787 1.        ]]
*** Regularization term ***
[[1.55547069e-28 0.00000000e+00 0.00000000e+00]
 [0.00000000e+00 1.55547069e-28 0.00000000e+00]
 [0.00000000e+00 0.00000000e+00 1.55547069e-28]]
*** Inverse Cov mean ***
[[ 2.27226925e+26 -1.74513260e+26  3.94776213e+25]
 [-1.74513260e+26  3.54862600e+26 -1.75119453e+26]
 [ 3.94776213e+25 -1.75119453e+26  2.28162535e+26]]
*** Weight ***
[[0.48536578]
 [0.02753414]
 [0.48710008]]
*** Weighted output ***
[ 4.24841582e-14  2.57771997e-14  6.93100345e-15 ...  4.56331917e-14
 -3.60010919e-14 -3.44872564e-15]
*** Inverse variance weight ***
[0.19889247 0.19950773 0.20145067 0.200604   0.19954513]
*** Inverse variance weighted clock ***
1.8429076732166636e-14
------------------Step 18------------------
*** Raw sum ***
[ 7.63229926e-14 -9.25174812e-14  1.81262893e-13 ... -3.06476569e-13
 -1.20045090e-13  6.11630865e-14]
*** Raw sum ***
[ 4.84573136e-14  3.21732244e-14  4.92486012e-14 ... -2.74528562e-13
 -6.35808558e-15  8.64189997e-14]
*** Raw sum ***
[7.99687815e-14 1.33056778e-13 6.98823330e-14 ... 9.91764791e-14
 9.87367241e-14 1.61457313e-13]
*** Cov mean ***
[[7.77725759e-27 5.18943625e-27 2.61038256e-27]
 [5.18943625e-27 7.77525800e-27 5.18919177e-27]
 [2.61038256e-27 5.18919177e-27 7.75847679e-27]]
*** Corr ***
[[1.         0.66734365 0.33604906]
 [0.66734365 1.         0.6681194 ]
 [0.33604906 0.6681194  1.        ]]
*** Regularization term ***
[[1.55545152e-28 0.00000000e+00 0.00000000e+00]
 [0.00000000e+00 1.55545152e-28 0.00000000e+00]
 [0.00000000e+00 0.00000000e+00 1.55545152e-28]]
*** Inverse Cov mean ***
[[ 2.27234509e+26 -1.74521457e+26  3.94813548e+25]
 [-1.74521457e+26  3.54871413e+26 -1.75123099e+26]
 [ 3.94813548e+25 -1.75123099e+26  2.28162863e+26]]
*** Weight ***
[[0.48538091]
 [0.02751812]
 [0.48710097]]
*** Weighted output ***
[ 2.57773496e-14  6.93040435e-15  4.11255097e-14 ... -3.60011424e-14
 -3.44926798e-15  3.69038322e-14]
*** Inverse variance weight ***
[0.19826176 0.20010226 0.20055333 0.20092704 0.20015561]
*** Inverse variance weighted clock ***
1.0630448728568587e-14
------------------Step 19------------------
*** Raw sum ***
[-9.25174812e-14  1.81262893e-13  3.08673095e-13 ... -1.20045090e-13
  6.11630865e-14 -1.54702194e-13]
*** Raw sum ***
[ 3.21732244e-14  4.92486012e-14  2.02398136e-14 ... -6.35808558e-15
  8.64189997e-14 -5.84594465e-14]
*** Raw sum ***
[ 1.33056778e-13  6.98823330e-14 -1.60686048e-13 ...  9.87367241e-14
  1.61457313e-13 -1.86075212e-14]
*** Cov mean ***
[[7.77740472e-27 5.18951396e-27 2.61042288e-27]
 [5.18951396e-27 7.77529842e-27 5.18921454e-27]
 [2.61042288e-27 5.18921454e-27 7.75848442e-27]]
*** Corr ***
[[1.         0.6673456  0.33605091]
 [0.6673456  1.         0.66812027]
 [0.33605091 0.66812027 1.        ]]
*** Regularization term ***
[[1.55548094e-28 0.00000000e+00 0.00000000e+00]
 [0.00000000e+00 1.55548094e-28 0.00000000e+00]
 [0.00000000e+00 0.00000000e+00 1.55548094e-28]]
*** Inverse Cov mean ***
[[ 2.27231177e+26 -1.74520513e+26  3.94811267e+25]
 [-1.74520513e+26  3.54871049e+26 -1.75123069e+26]
 [ 3.94811267e+25 -1.75123069e+26  2.28162917e+26]]
*** Weight ***
[[0.48537264]
 [0.02752164]
 [0.48710573]]
*** Weighted output ***
[ 6.93090828e-15  4.11251783e-14  2.40358041e-14 ... -3.44878773e-15
  3.69040209e-14 -2.85869805e-14]
*** Inverse variance weight ***
[0.1995678  0.20008416 0.19987295 0.20018043 0.20029466]
*** Inverse variance weighted clock ***
2.4241444602159047e-14
------------------Step 20------------------
*** Raw sum ***
[ 1.81262893e-13  3.08673095e-13  2.14490679e-13 ...  6.11630865e-14
 -1.54702194e-13  2.34828454e-13]
*** Raw sum ***
[ 4.92486012e-14  2.02398136e-14 -2.49157273e-14 ...  8.64189997e-14
 -5.84594465e-14  3.35904504e-13]
*** Raw sum ***
[ 6.98823330e-14 -1.60686048e-13 -4.51667895e-14 ...  1.61457313e-13
 -1.86075212e-14  1.25544441e-13]
*** Cov mean ***
[[7.77753071e-27 5.18979703e-27 2.61055824e-27]
 [5.18979703e-27 7.77571523e-27 5.18933632e-27]
 [2.61055824e-27 5.18933632e-27 7.75847814e-27]]
*** Corr ***
[[1.         0.66735871 0.33606575]
 [0.66735871 1.         0.66811831]
 [0.33606575 0.66811831 1.        ]]
*** Regularization term ***
[[1.55550614e-28 0.00000000e+00 0.00000000e+00]
 [0.00000000e+00 1.55550614e-28 0.00000000e+00]
 [0.00000000e+00 0.00000000e+00 1.55550614e-28]]
*** Inverse Cov mean ***
[[ 2.27233475e+26 -1.74520028e+26  3.94788685e+25]
 [-1.74520028e+26  3.54856366e+26 -1.75116161e+26]
 [ 3.94788685e+25 -1.75116161e+26  2.28161260e+26]]
*** Weight ***
[[0.48538504]
 [0.02748381]
 [0.48713116]]
*** Weighted output ***
[ 4.11258989e-14  2.40354628e-14  2.71412122e-14 ...  3.69045525e-14
 -2.85870406e-14  6.14569202e-14]
*** Inverse variance weight ***
[0.20010073 0.20060511 0.19918032 0.19954226 0.20057158]
*** Inverse variance weighted clock ***
2.8017087409933864e-14
------------------Step 21------------------
*** Raw sum ***
[ 3.08673095e-13  2.14490679e-13  3.52162809e-14 ... -1.54702194e-13
  2.34828454e-13  2.08287577e-13]
*** Raw sum ***
[ 2.02398136e-14 -2.49157273e-14  3.23038812e-14 ... -5.84594465e-14
  3.35904504e-13  1.26645927e-13]
*** Raw sum ***
[-1.60686048e-13 -4.51667895e-14  1.42048951e-13 ... -1.86075212e-14
  1.25544441e-13  6.28022275e-14]
*** Cov mean ***
[[7.77757204e-27 5.18986274e-27 2.61055624e-27]
 [5.18986274e-27 7.77575258e-27 5.18934440e-27]
 [2.61055624e-27 5.18934440e-27 7.75847635e-27]]
*** Corr ***
[[1.         0.66736378 0.33606463]
 [0.66736378 1.         0.66811782]
 [0.33606463 0.66811782 1.        ]]
*** Regularization term ***
[[1.55551441e-28 0.00000000e+00 0.00000000e+00]
 [0.00000000e+00 1.55551441e-28 0.00000000e+00]
 [0.00000000e+00 0.00000000e+00 1.55551441e-28]]
*** Inverse Cov mean ***
[[ 2.27235496e+26 -1.74523752e+26  3.94808840e+25]
 [-1.74523752e+26  3.54859570e+26 -1.75117461e+26]
 [ 3.94808840e+25 -1.75117461e+26  2.28161663e+26]]
*** Weight ***
[[0.48538767]
 [0.02747428]
 [0.48713805]]
*** Weighted output ***
[ 2.40353007e-14  2.71413761e-14  2.90595077e-14 ... -2.85870336e-14
  6.14563482e-14  4.50576941e-14]
*** Inverse variance weight ***
[0.19895213 0.20043967 0.20001691 0.20005072 0.20054057]
*** Inverse variance weighted clock ***
3.593843423339645e-14
------------------Step 22------------------
*** Raw sum ***
[ 2.14490679e-13  3.52162809e-14 -1.34453048e-13 ...  2.34828454e-13
  2.08287577e-13  6.34807126e-14]
*** Raw sum ***
[-2.49157273e-14  3.23038812e-14 -1.94292543e-13 ...  3.35904504e-13
  1.26645927e-13  2.36856913e-13]
*** Raw sum ***
[-4.51667895e-14  1.42048951e-13 -1.49636235e-13 ...  1.25544441e-13
  6.28022275e-14  1.42517086e-13]
*** Cov mean ***
[[7.77721676e-27 5.18991443e-27 2.61083053e-27]
 [5.18991443e-27 7.77593854e-27 5.18942629e-27]
 [2.61083053e-27 5.18942629e-27 7.75834126e-27]]
*** Corr ***
[[1.         0.66737769 0.33611055]
 [0.66737769 1.         0.66812619]
 [0.33611055 0.66812619 1.        ]]
*** Regularization term ***
[[1.55544335e-28 0.00000000e+00 0.00000000e+00]
 [0.00000000e+00 1.55544335e-28 0.00000000e+00]
 [0.00000000e+00 0.00000000e+00 1.55544335e-28]]
*** Inverse Cov mean ***
[[ 2.27249291e+26 -1.74524619e+26  3.94715407e+25]
 [-1.74524619e+26  3.54852261e+26 -1.75113151e+26]
 [ 3.94715407e+25 -1.75113151e+26  2.28166463e+26]]
*** Weight ***
[[0.48540787]
 [0.027454  ]
 [0.48713814]]
*** Weighted output ***
[ 2.71429869e-14  2.90595306e-14 -4.78307303e-14 ...  6.14556616e-14
  4.50582417e-14  3.55807381e-14]
*** Inverse variance weight ***
[0.19884928 0.20073528 0.20006761 0.19980312 0.20054471]
*** Inverse variance weighted clock ***
7.46578546653678e-15
------------------Step 23------------------
*** Raw sum ***
[ 3.52162809e-14 -1.34453048e-13  5.41908279e-14 ...  2.08287577e-13
  6.34807126e-14  1.55819332e-13]
*** Raw sum ***
[ 3.23038812e-14 -1.94292543e-13 -1.26101138e-14 ...  1.26645927e-13
  2.36856913e-13  3.42010098e-14]
*** Raw sum ***
[ 1.42048951e-13 -1.49636235e-13 -5.09016612e-14 ...  6.28022275e-14
  1.42517086e-13 -1.82411886e-13]
*** Cov mean ***
[[7.77713225e-27 5.18996548e-27 2.61077319e-27]
 [5.18996548e-27 7.77592146e-27 5.18940428e-27]
 [2.61077319e-27 5.18940428e-27 7.75853547e-27]]
*** Corr ***
[[1.         0.66738862 0.33610079]
 [0.66738862 1.         0.66811573]
 [0.33610079 0.66811573 1.        ]]
*** Regularization term ***
[[1.55542645e-28 0.00000000e+00 0.00000000e+00]
 [0.00000000e+00 1.55542645e-28 0.00000000e+00]
 [0.00000000e+00 0.00000000e+00 1.55542645e-28]]
*** Inverse Cov mean ***
[[ 2.27258789e+26 -1.74535237e+26  3.94755708e+25]
 [-1.74535237e+26  3.54858439e+26 -1.75109718e+26]
 [ 3.94755708e+25 -1.75109718e+26  2.28157131e+26]]
*** Weight ***
[[0.4854231 ]
 [0.0274487 ]
 [0.48712821]]
*** Weighted output ***
[ 2.90591821e-14 -4.78305742e-14  3.87904484e-16 ...  4.50588675e-14
  3.55801701e-14 -4.09363301e-15]
*** Inverse variance weight ***
[0.2003541  0.20052312 0.19865055 0.2000696  0.20040263]
*** Inverse variance weighted clock ***
3.6828428655207444e-14
------------------Step 24------------------
*** Raw sum ***
[-1.34453048e-13  5.41908279e-14  2.07913825e-14 ...  6.34807126e-14
  1.55819332e-13  1.61860812e-14]
*** Raw sum ***
[-1.94292543e-13 -1.26101138e-14 -1.19419477e-13 ...  2.36856913e-13
  3.42010098e-14  2.88672112e-13]
*** Raw sum ***
[-1.49636235e-13 -5.09016612e-14 -8.36563882e-14 ...  1.42517086e-13
 -1.82411886e-13  3.15744586e-13]
*** Cov mean ***
[[7.77713293e-27 5.18994989e-27 2.61075334e-27]
 [5.18994989e-27 7.77621736e-27 5.18972987e-27]
 [2.61075334e-27 5.18972987e-27 7.75884083e-27]]
*** Corr ***
[[1.         0.66737388 0.3360916 ]
 [0.66737388 1.         0.66813179]
 [0.3360916  0.66813179 1.        ]]
*** Regularization term ***
[[1.55542659e-28 0.00000000e+00 0.00000000e+00]
 [0.00000000e+00 1.55542659e-28 0.00000000e+00]
 [0.00000000e+00 0.00000000e+00 1.55542659e-28]]
*** Inverse Cov mean ***
[[ 2.27252870e+26 -1.74528478e+26  3.94793185e+25]
 [-1.74528478e+26  3.54851538e+26 -1.75115702e+26]
 [ 3.94793185e+25 -1.75115702e+26  2.28158318e+26]]
*** Weight ***
[[0.48545386]
 [0.02741682]
 [0.48712932]]
*** Weighted output ***
[-4.78299440e-14  3.88575316e-16 -1.13107748e-14 ...  3.55783571e-14
 -4.09246623e-15  5.65268373e-14]
*** Inverse variance weight ***
[0.20053038 0.19952202 0.19946288 0.20025433 0.20023039]
*** Inverse variance weighted clock ***
6.824629699988531e-14
------------------Step 25------------------
*** Raw sum ***
[5.41908279e-14 2.07913825e-14 1.28480245e-13 ... 1.55819332e-13
 1.61860812e-14 1.33969650e-13]
*** Raw sum ***
[-1.26101138e-14 -1.19419477e-13 -7.29792269e-14 ...  3.42010098e-14
  2.88672112e-13  1.63647472e-13]
*** Raw sum ***
[-5.09016612e-14 -8.36563882e-14 -2.47270447e-13 ... -1.82411886e-13
  3.15744586e-13  2.53821947e-13]
*** Cov mean ***
[[7.77705879e-27 5.18983687e-27 2.61071385e-27]
 [5.18983687e-27 7.77604778e-27 5.18965593e-27]
 [2.61071385e-27 5.18965593e-27 7.75888960e-27]]
*** Corr ***
[[1.         0.66736981 0.33608706]
 [0.66736981 1.         0.66812746]
 [0.33608706 0.66812746 1.        ]]
*** Regularization term ***
[[1.55541176e-28 0.00000000e+00 0.00000000e+00]
 [0.00000000e+00 1.55541176e-28 0.00000000e+00]
 [0.00000000e+00 0.00000000e+00 1.55541176e-28]]
*** Inverse Cov mean ***
[[ 2.27252637e+26 -1.74527737e+26  3.94781768e+25]
 [-1.74527737e+26  3.54853158e+26 -1.75113519e+26]
 [ 3.94781768e+25 -1.75113519e+26  2.28154461e+26]]
*** Weight ***
[[0.48544773]
 [0.02744059]
 [0.48711168]]
*** Weighted output ***
[ 3.88663787e-16 -1.13112718e-14 -2.00268247e-14 ... -4.09144161e-15
  5.65272354e-14  6.43884938e-14]
*** Inverse variance weight ***
[0.19929565 0.1998043  0.20051047 0.1997172  0.20067238]
*** Inverse variance weighted clock ***
4.436032745639625e-14
------------------Step 26------------------
*** Raw sum ***
[ 2.07913825e-14  1.28480245e-13 -2.77471273e-14 ...  1.61860812e-14
  1.33969650e-13  9.24700869e-14]
*** Raw sum ***
[-1.19419477e-13 -7.29792269e-14 -4.85556617e-14 ...  2.88672112e-13
  1.63647472e-13  1.97650089e-13]
*** Raw sum ***
[-8.36563882e-14 -2.47270447e-13 -8.01565538e-14 ...  3.15744586e-13
  2.53821947e-13  1.67677348e-13]
*** Cov mean ***
[[7.77707430e-27 5.18988949e-27 2.61076154e-27]
 [5.18988949e-27 7.77615811e-27 5.18973211e-27]
 [2.61076154e-27 5.18973211e-27 7.75892875e-27]]
*** Corr ***
[[1.         0.66737118 0.33609202]
 [0.66737118 1.         0.66813084]
 [0.33609202 0.66813084 1.        ]]
*** Regularization term ***
[[1.55541486e-28 0.00000000e+00 0.00000000e+00]
 [0.00000000e+00 1.55541486e-28 0.00000000e+00]
 [0.00000000e+00 0.00000000e+00 1.55541486e-28]]
*** Inverse Cov mean ***
[[ 2.27252756e+26 -1.74526999e+26  3.94777677e+25]
 [-1.74526999e+26  3.54850605e+26 -1.75113578e+26]
 [ 3.94777677e+25 -1.75113578e+26  2.28154945e+26]]
*** Weight ***
[[0.4854537 ]
 [0.02743091]
 [0.48711539]]
*** Weighted output ***
[-1.13109487e-14 -2.00266391e-14 -1.79491209e-14 ...  5.65267267e-14
  6.43885461e-14  4.39966282e-14]
*** Inverse variance weight ***
[0.19905688 0.19966716 0.20062888 0.20031498 0.2003321 ]
*** Inverse variance weighted clock ***
-5.0287876236599495e-14
------------------Step 27------------------
*** Raw sum ***
[ 1.28480245e-13 -2.77471273e-14  1.26626020e-13 ...  1.33969650e-13
  9.24700869e-14 -6.71858597e-15]
*** Raw sum ***
[-7.29792269e-14 -4.85556617e-14  1.82170282e-13 ...  1.63647472e-13
  1.97650089e-13  3.12017517e-13]
*** Raw sum ***
[-2.47270447e-13 -8.01565538e-14  6.88548722e-14 ...  2.53821947e-13
  1.67677348e-13  1.43543122e-13]
*** Cov mean ***
[[7.77708004e-27 5.18983674e-27 2.61073897e-27]
 [5.18983674e-27 7.77639959e-27 5.18977751e-27]
 [2.61073897e-27 5.18977751e-27 7.75890960e-27]]
*** Corr ***
[[1.         0.66735378 0.33608941]
 [0.66735378 1.         0.66812713]
 [0.33608941 0.66812713 1.        ]]
*** Regularization term ***
[[1.55541601e-28 0.00000000e+00 0.00000000e+00]
 [0.00000000e+00 1.55541601e-28 0.00000000e+00]
 [0.00000000e+00 0.00000000e+00 1.55541601e-28]]
*** Inverse Cov mean ***
[[ 2.27241972e+26 -1.74509155e+26  3.94713679e+25]
 [-1.74509155e+26  3.54821080e+26 -1.75103058e+26]
 [ 3.94713679e+25 -1.75103058e+26  2.28151824e+26]]
*** Weight ***
[[0.4854559 ]
 [0.02742473]
 [0.48711937]]
*** Weighted output ***
[-2.00267224e-14 -1.79491475e-14  3.33359538e-14 ...  6.43886439e-14
  4.39965112e-14  2.50726850e-14]
*** Inverse variance weight ***
[0.19960528 0.20037782 0.19978511 0.20046724 0.19976455]
*** Inverse variance weighted clock ***
4.657827858388505e-14
------------------Step 28------------------
*** Raw sum ***
[-2.77471273e-14  1.26626020e-13 -1.49372132e-13 ...  9.24700869e-14
 -6.71858597e-15 -1.53379930e-14]
*** Raw sum ***
[-4.85556617e-14  1.82170282e-13  5.97102255e-14 ...  1.97650089e-13
  3.12017517e-13  8.10791853e-14]
*** Raw sum ***
[-8.01565538e-14  6.88548722e-14  1.44578781e-13 ...  1.67677348e-13
  1.43543122e-13  1.66472498e-13]
*** Cov mean ***
[[7.77704411e-27 5.18987716e-27 2.61084356e-27]
 [5.18987716e-27 7.77635422e-27 5.18965992e-27]
 [2.61084356e-27 5.18965992e-27 7.75860523e-27]]
*** Corr ***
[[1.         0.66736247 0.33611024]
 [0.66736247 1.         0.66812705]
 [0.33611024 0.66812705 1.        ]]
*** Regularization term ***
[[1.55540882e-28 0.00000000e+00 0.00000000e+00]
 [0.00000000e+00 1.55540882e-28 0.00000000e+00]
 [0.00000000e+00 0.00000000e+00 1.55540882e-28]]
*** Inverse Cov mean ***
[[ 2.27245453e+26 -1.74509939e+26  3.94666593e+25]
 [-1.74509939e+26  3.54821355e+26 -1.75102152e+26]
 [ 3.94666593e+25 -1.75102152e+26  2.28158455e+26]]
*** Weight ***
[[0.4854422 ]
 [0.02742665]
 [0.48713115]]
*** Weighted output ***
[-1.79493666e-14  3.33357625e-14 -1.48352711e-16 ...  4.39968737e-14
  2.50734785e-14  2.52906534e-14]
*** Inverse variance weight ***
[0.20036491 0.20061544 0.19914951 0.20033461 0.19953552]
*** Inverse variance weighted clock ***
5.737785328084214e-15
------------------Step 29------------------
*** Raw sum ***
[ 1.26626020e-13 -1.49372132e-13  5.04097756e-14 ... -6.71858597e-15
 -1.53379930e-14 -1.55244536e-13]
*** Raw sum ***
