------------------Step 0------------------
*** Raw sum ***
[ 2.15138413e-13 -2.76105251e-14 -2.96313088e-13 ...  1.02493665e-13
  1.15456596e-13 -1.51264163e-13]
*** Raw sum ***
[ 1.68698301e-13  4.44202802e-14  1.79125557e-13 ...  2.05790974e-13
  2.43350614e-13 -2.00489601e-13]
*** Raw sum ***
[-1.02561525e-14  9.07567627e-14  2.00940558e-13 ...  8.58653593e-14
  1.72176869e-13 -1.76448264e-13]
*** Cov mean ***
[[7.74106929e-27 5.16489753e-27 2.57632888e-27]
 [5.16489753e-27 7.79185869e-27 5.26172631e-27]
 [2.57632888e-27 5.26172631e-27 7.73814266e-27]]
*** Corr ***
[[1.         0.66502917 0.33287598]
 [0.66502917 1.         0.6776249 ]
 [0.33287598 0.6776249  1.        ]]
*** Regularization term ***
[[1.55837174e-28 0.00000000e+00 0.00000000e+00]
 [0.00000000e+00 1.55837174e-28 0.00000000e+00]
 [0.00000000e+00 0.00000000e+00 1.55837174e-28]]
*** Inverse Cov mean ***
[[ 2.28347508e+26 -1.77291383e+26  4.36485100e+25]
 [-1.77291383e+26  3.62850936e+26 -1.83996088e+26]
 [ 4.36485100e+25 -1.83996088e+26  2.35075866e+26]]
*** Weight ***
[[0.49584516]
 [0.00818584]
 [0.495969  ]]
*** Weighted output ***
[ 3.43231814e-14  1.05618709e-14 -1.52662770e-14 ...  3.16973719e-14
  4.82116709e-14 -5.47192158e-14]
*** Inverse variance weight ***
[0.19853728 0.20160003 0.19935681 0.20028596 0.20021992]
*** Inverse variance weighted clock ***
2.167186945101958e-16
------------------Step 1------------------
*** Raw sum ***
[-2.76105251e-14 -2.96313088e-13  1.60463371e-13 ...  1.15456596e-13
 -1.51264163e-13 -7.89508926e-14]
*** Raw sum ***
[ 4.44202802e-14  1.79125557e-13  1.37405325e-13 ...  2.43350614e-13
 -2.00489601e-13 -3.05924831e-14]
*** Raw sum ***
[ 9.07567627e-14  2.00940558e-13 -2.98718452e-14 ...  1.72176869e-13
 -1.76448264e-13  4.80993010e-14]
*** Cov mean ***
[[7.74024598e-27 5.16417587e-27 2.57652582e-27]
 [5.16417587e-27 7.79125869e-27 5.26189227e-27]
 [2.57652582e-27 5.26189227e-27 7.73809691e-27]]
*** Corr ***
[[1.         0.66499722 0.33292012]
 [0.66499722 1.         0.67767437]
 [0.33292012 0.67767437 1.        ]]
*** Regularization term ***
[[1.55825174e-28 0.00000000e+00 0.00000000e+00]
 [0.00000000e+00 1.55825174e-28 0.00000000e+00]
 [0.00000000e+00 0.00000000e+00 1.55825174e-28]]
*** Inverse Cov mean ***
[[ 2.28350621e+26 -1.77280797e+26  4.36387867e+25]
 [-1.77280797e+26  3.62876189e+26 -1.84020927e+26]
 [ 4.36387867e+25 -1.84020927e+26  2.35100095e+26]]
*** Weight ***
[[0.49585393]
 [0.00824323]
 [0.49590285]]
*** Weighted output ***
[ 1.05606387e-14 -1.52681470e-14  2.19618409e-14 ...  4.82128668e-14
 -5.47196022e-14 -5.18257022e-15]
*** Inverse variance weight ***
[0.19943544 0.20219582 0.20033489 0.19922453 0.19880932]
*** Inverse variance weighted clock ***
1.780059481847242e-14
------------------Step 2------------------
*** Raw sum ***
[-2.96313088e-13  1.60463371e-13  2.36810811e-13 ... -1.51264163e-13
 -7.89508926e-14 -2.26452863e-13]
*** Raw sum ***
[ 1.79125557e-13  1.37405325e-13  2.61508344e-13 ... -2.00489601e-13
 -3.05924831e-14 -3.24018619e-13]
*** Raw sum ***
[ 2.00940558e-13 -2.98718452e-14  2.32939288e-13 ... -1.76448264e-13
  4.80993010e-14 -2.70341087e-13]
*** Cov mean ***
[[7.74256324e-27 5.16756143e-27 2.57950842e-27]
 [5.16756143e-27 7.79584916e-27 5.26576961e-27]
 [2.57950842e-27 5.26576961e-27 7.74128772e-27]]
*** Corr ***
[[1.         0.66513768 0.33318694]
 [0.66513768 1.         0.67783429]
 [0.33318694 0.67783429 1.        ]]
*** Regularization term ***
[[1.55916983e-28 0.00000000e+00 0.00000000e+00]
 [0.00000000e+00 1.55916983e-28 0.00000000e+00]
 [0.00000000e+00 0.00000000e+00 1.55916983e-28]]
*** Inverse Cov mean ***
[[ 2.28346257e+26 -1.77282116e+26  4.36237500e+25]
 [-1.77282116e+26  3.62831595e+26 -1.84025479e+26]
 [ 4.36237500e+25 -1.84025479e+26  2.35084186e+26]]
*** Weight ***
[[0.49602249]
 [0.00798348]
 [0.49599403]]
*** Weighted output ***
[-1.52941981e-14  2.19580522e-14  7.83625771e-14 ... -5.47161055e-14
 -5.18289560e-15 -8.30000247e-14]
*** Inverse variance weight ***
[0.20002811 0.20145637 0.19947691 0.19962695 0.19941166]
*** Inverse variance weighted clock ***
1.6708667327180946e-14
------------------Step 3------------------
*** Raw sum ***
[ 1.60463371e-13  2.36810811e-13  6.47423775e-15 ... -7.89508926e-14
 -2.26452863e-13  2.12357241e-13]
*** Raw sum ***
[ 1.37405325e-13  2.61508344e-13  5.24345898e-14 ... -3.05924831e-14
 -3.24018619e-13  1.52949500e-13]
*** Raw sum ***
[-2.98718452e-14  2.32939288e-13 -1.30070874e-13 ...  4.80993010e-14
 -2.70341087e-13 -3.86379964e-15]
*** Cov mean ***
[[7.73983979e-27 5.17022559e-27 2.58135835e-27]
 [5.17022559e-27 7.79558218e-27 5.26465817e-27]
 [2.58135835e-27 5.26465817e-27 7.74023955e-27]]
*** Corr ***
[[1.         0.66560907 0.33350712]
 [0.66560907 1.         0.67774871]
 [0.33350712 0.67774871 1.        ]]
*** Regularization term ***
[[1.55911644e-28 0.00000000e+00 0.00000000e+00]
 [0.00000000e+00 1.55911644e-28 0.00000000e+00]
 [0.00000000e+00 0.00000000e+00 1.55911644e-28]]
*** Inverse Cov mean ***
[[ 2.28661245e+26 -1.77577567e+26  4.36451341e+25]
 [-1.77577567e+26  3.63062914e+26 -1.84015068e+26]
 [ 4.36451341e+25 -1.84015068e+26  2.35065497e+26]]
*** Weight ***
[[0.49623607]
 [0.00770204]
 [0.49606189]]
*** Weighted output ***
[ 2.19559097e-14  7.83601726e-14 -2.03022002e-14 ... -5.18455822e-15
 -8.29918646e-14  3.48802204e-14]
*** Inverse variance weight ***
[0.20118714 0.2017877  0.19873968 0.19914074 0.19914474]
*** Inverse variance weighted clock ***
3.847139716677939e-14
------------------Step 4------------------
*** Raw sum ***
[ 2.36810811e-13  6.47423775e-15 -1.09715699e-14 ... -2.26452863e-13
  2.12357241e-13 -7.90052138e-14]
*** Raw sum ***
[ 2.61508344e-13  5.24345898e-14 -3.33444202e-14 ... -3.24018619e-13
  1.52949500e-13 -1.45631172e-13]
*** Raw sum ***
[ 2.32939288e-13 -1.30070874e-13 -4.66132385e-14 ... -2.70341087e-13
 -3.86379964e-15 -8.51440372e-14]
*** Cov mean ***
[[7.73965493e-27 5.17040423e-27 2.58210826e-27]
 [5.17040423e-27 7.79626271e-27 5.26563618e-27]
 [2.58210826e-27 5.26563618e-27 7.74059557e-27]]
*** Corr ***
[[1.         0.66561096 0.33360032]
 [0.66561096 1.         0.67782944]
 [0.33360032 0.67782944 1.        ]]
*** Regularization term ***
[[1.55925254e-28 0.00000000e+00 0.00000000e+00]
 [0.00000000e+00 1.55925254e-28 0.00000000e+00]
 [0.00000000e+00 0.00000000e+00 1.55925254e-28]]
*** Inverse Cov mean ***
[[ 2.28662306e+26 -1.77567352e+26  4.36362106e+25]
 [-1.77567352e+26  3.63069008e+26 -1.84041961e+26]
 [ 4.36362106e+25 -1.84041961e+26  2.35093990e+26]]
*** Weight ***
[[0.49628883]
 [0.00764722]
 [0.49606395]]
*** Weighted output ***
[ 7.83597186e-14 -2.03031336e-14 -9.60773565e-15 ... -8.29901119e-14
  3.48811577e-14 -2.75199888e-14]
*** Inverse variance weight ***
[0.19977407 0.20312272 0.19927236 0.19841234 0.19941851]
*** Inverse variance weighted clock ***
-1.2969726262595446e-14
------------------Step 5------------------
*** Raw sum ***
[ 6.47423775e-15 -1.09715699e-14  2.15230907e-13 ...  2.12357241e-13
 -7.90052138e-14 -8.52225588e-15]
*** Raw sum ***
[ 5.24345898e-14 -3.33444202e-14  4.24986913e-13 ...  1.52949500e-13
 -1.45631172e-13  8.79576318e-14]
*** Raw sum ***
[-1.30070874e-13 -4.66132385e-14  3.77399484e-13 ... -3.86379964e-15
 -8.51440372e-14 -5.77964990e-14]
*** Cov mean ***
[[7.73813074e-27 5.16853458e-27 2.58067669e-27]
 [5.16853458e-27 7.79438024e-27 5.26368559e-27]
 [2.58067669e-27 5.26368559e-27 7.73934310e-27]]
*** Corr ***
[[1.         0.66551615 0.33347518]
 [0.66551615 1.         0.677715  ]
 [0.33347518 0.677715   1.        ]]
*** Regularization term ***
[[1.55887605e-28 0.00000000e+00 0.00000000e+00]
 [0.00000000e+00 1.55887605e-28 0.00000000e+00]
 [0.00000000e+00 0.00000000e+00 1.55887605e-28]]
*** Inverse Cov mean ***
[[ 2.28653486e+26 -1.77527442e+26  4.36172074e+25]
 [-1.77527442e+26  3.63006897e+26 -1.83986167e+26]
 [ 4.36172074e+25 -1.83986167e+26  2.35063863e+26]]
*** Weight ***
[[0.49621608]
 [0.00782107]
 [0.49596285]]
*** Weighted output ***
[-2.02958690e-14 -9.60783104e-15  9.91003378e-14 ...  3.48850015e-14
 -2.75236427e-14 -1.07352915e-14]
*** Inverse variance weight ***
[0.2008657  0.20233569 0.19999517 0.1981975  0.19860593]
*** Inverse variance weighted clock ***
9.378722521552137e-15
------------------Step 6------------------
*** Raw sum ***
[-1.09715699e-14  2.15230907e-13  1.05209029e-13 ... -7.90052138e-14
 -8.52225588e-15  2.50570836e-14]
*** Raw sum ***
[-3.33444202e-14  4.24986913e-13 -8.88213297e-14 ... -1.45631172e-13
  8.79576318e-14  5.37480107e-14]
*** Raw sum ***
[-4.66132385e-14  3.77399484e-13 -1.12308965e-13 ... -8.51440372e-14
 -5.77964990e-14 -1.02132973e-14]
*** Cov mean ***
[[7.73811078e-27 5.16855093e-27 2.58054378e-27]
 [5.16855093e-27 7.79438265e-27 5.26379077e-27]
 [2.58054378e-27 5.26379077e-27 7.73845914e-27]]
*** Corr ***
[[1.         0.66551901 0.33347748]
 [0.66551901 1.         0.67776714]
 [0.33347748 0.67776714 1.        ]]
*** Regularization term ***
[[1.55887653e-28 0.00000000e+00 0.00000000e+00]
 [0.00000000e+00 1.55887653e-28 0.00000000e+00]
 [0.00000000e+00 0.00000000e+00 1.55887653e-28]]
*** Inverse Cov mean ***
[[ 2.28661741e+26 -1.77548786e+26  4.36398396e+25]
 [-1.77548786e+26  3.63061978e+26 -1.84044344e+26]
 [ 4.36398396e+25 -1.84044344e+26  2.35124761e+26]]
*** Weight ***
[[0.49623888]
 [0.00769264]
 [0.49606847]]
*** Weighted output ***
[-9.60812814e-15  9.90970680e-14 -1.39579901e-15 ... -2.75210068e-14
 -1.07411563e-14  2.59375622e-15]
*** Inverse variance weight ***
[0.20107721 0.2037492  0.19900525 0.19728641 0.19888193]
*** Inverse variance weighted clock ***
-2.6352023804898862e-14
------------------Step 7------------------
*** Raw sum ***
[ 2.15230907e-13  1.05209029e-13 -3.50476842e-14 ... -8.52225588e-15
  2.50570836e-14  8.31070570e-14]
*** Raw sum ***
[ 4.24986913e-13 -8.88213297e-14 -7.07889603e-14 ...  8.79576318e-14
  5.37480107e-14  2.00174797e-13]
*** Raw sum ***
[ 3.77399484e-13 -1.12308965e-13  1.79989681e-14 ... -5.77964990e-14
 -1.02132973e-14  1.48213761e-13]
*** Cov mean ***
[[7.73815115e-27 5.16879303e-27 2.58066005e-27]
 [5.16879303e-27 7.79533576e-27 5.26437323e-27]
 [2.58066005e-27 5.26437323e-27 7.73876760e-27]]
*** Corr ***
[[1.         0.66550776 0.33348499]
 [0.66550776 1.         0.67778719]
 [0.33348499 0.67778719 1.        ]]
*** Regularization term ***
[[1.55906715e-28 0.00000000e+00 0.00000000e+00]
 [0.00000000e+00 1.55906715e-28 0.00000000e+00]
 [0.00000000e+00 0.00000000e+00 1.55906715e-28]]
*** Inverse Cov mean ***
[[ 2.28653728e+26 -1.77531275e+26  4.36387031e+25]
 [-1.77531275e+26  3.63022321e+26 -1.84040160e+26]
 [ 4.36387031e+25 -1.84040160e+26  2.35125524e+26]]
*** Weight ***
[[0.49629772]
 [0.00759881]
 [0.49610347]]
*** Weighted output ***
[ 9.90923990e-14 -1.39226758e-15 -3.00088232e-15 ... -1.07447489e-14
  2.59244736e-15  3.87654315e-14]
*** Inverse variance weight ***
[0.20101615 0.20466064 0.19962708 0.19742813 0.197268  ]
*** Inverse variance weighted clock ***
9.920188695159898e-14
------------------Step 8------------------
*** Raw sum ***
[ 1.05209029e-13 -3.50476842e-14  1.86191508e-14 ...  2.50570836e-14
  8.31070570e-14 -7.34258080e-14]
*** Raw sum ***
[-8.88213297e-14 -7.07889603e-14 -1.99234092e-13 ...  5.37480107e-14
  2.00174797e-13 -2.43791046e-13]
*** Raw sum ***
[-1.12308965e-13  1.79989681e-14 -2.13079539e-13 ... -1.02132973e-14
  1.48213761e-13 -1.80625640e-14]
*** Cov mean ***
[[7.73728213e-27 5.16712020e-27 2.57845827e-27]
 [5.16712020e-27 7.79224908e-27 5.25973855e-27]
 [2.57845827e-27 5.25973855e-27 7.73436573e-27]]
*** Corr ***
[[1.         0.6654615  0.33331399]
 [0.6654615  1.         0.6775173 ]
 [0.33331399 0.6775173  1.        ]]
*** Regularization term ***
[[1.55844982e-28 0.00000000e+00 0.00000000e+00]
 [0.00000000e+00 1.55844982e-28 0.00000000e+00]
 [0.00000000e+00 0.00000000e+00 1.55844982e-28]]
*** Inverse Cov mean ***
[[ 2.28646441e+26 -1.77501114e+26  4.36051912e+25]
 [-1.77501114e+26  3.62926778e+26 -1.83926742e+26]
 [ 4.36051912e+25 -1.83926742e+26  2.35097956e+26]]
*** Weight ***
[[0.4960089 ]
 [0.0078467 ]
 [0.49614441]]
*** Weighted output ***
[-1.41126830e-15 -3.00311173e-15 -3.26820955e-14 ...  2.59433677e-15
  3.87759931e-14 -1.57648161e-14]
*** Inverse variance weight ***
[0.20000372 0.20532531 0.19973669 0.19877715 0.19615712]
*** Inverse variance weighted clock ***
6.827216664960616e-14
------------------Step 9------------------
*** Raw sum ***
[-3.50476842e-14  1.86191508e-14 -1.80713914e-13 ...  8.31070570e-14
 -7.34258080e-14 -1.23957911e-14]
*** Raw sum ***
[-7.07889603e-14 -1.99234092e-13 -1.59018460e-13 ...  2.00174797e-13
 -2.43791046e-13 -7.84675615e-14]
*** Raw sum ***
[ 1.79989681e-14 -2.13079539e-13 -1.73302896e-13 ...  1.48213761e-13
 -1.80625640e-14  6.83543093e-14]
*** Cov mean ***
[[7.73714130e-27 5.16761388e-27 2.57879027e-27]
 [5.16761388e-27 7.79216324e-27 5.25896999e-27]
 [2.57879027e-27 5.25896999e-27 7.73367803e-27]]
*** Corr ***
[[1.         0.6655348  0.33337476]
 [0.6655348  1.         0.67745215]
 [0.33337476 0.67745215 1.        ]]
*** Regularization term ***
[[1.55843265e-28 0.00000000e+00 0.00000000e+00]
 [0.00000000e+00 1.55843265e-28 0.00000000e+00]
 [0.00000000e+00 0.00000000e+00 1.55843265e-28]]
*** Inverse Cov mean ***
[[ 2.28679527e+26 -1.77520812e+26  4.35844037e+25]
 [-1.77520812e+26  3.62905458e+26 -1.83879340e+26]
 [ 4.35844037e+25 -1.83879340e+26  2.35073945e+26]]
*** Weight ***
[[0.49596603]
 [0.00788005]
 [0.49615391]]
*** Weighted output ***
[-3.00334106e-15 -3.26852519e-14 -5.89553158e-14 ...  3.87775010e-14
 -1.57665349e-14  9.04934608e-15]
*** Inverse variance weight ***
[0.20118933 0.20314582 0.19881412 0.19905425 0.19779648]
*** Inverse variance weighted clock ***
7.492459251712501e-14
------------------Step 10------------------
*** Raw sum ***
[ 1.86191508e-14 -1.80713914e-13  2.35432227e-14 ... -7.34258080e-14
 -1.23957911e-14  1.90168343e-13]
*** Raw sum ***
[-1.99234092e-13 -1.59018460e-13 -2.31602226e-14 ... -2.43791046e-13
 -7.84675615e-14 -2.38969800e-14]
*** Raw sum ***
[-2.13079539e-13 -1.73302896e-13 -1.07414918e-13 ... -1.80625640e-14
  6.83543093e-14 -7.08600445e-14]
*** Cov mean ***
[[7.73793068e-27 5.16706533e-27 2.57816871e-27]
 [5.16706533e-27 7.79190060e-27 5.25912185e-27]
 [2.57816871e-27 5.25912185e-27 7.73404562e-27]]
*** Corr ***
[[1.         0.66544143 0.33326948]
 [0.66544143 1.         0.67746703]
 [0.33326948 0.67746703 1.        ]]
*** Regularization term ***
[[1.55838012e-28 0.00000000e+00 0.00000000e+00]
 [0.00000000e+00 1.55838012e-28 0.00000000e+00]
 [0.00000000e+00 0.00000000e+00 1.55838012e-28]]
*** Inverse Cov mean ***
[[ 2.28616499e+26 -1.77478843e+26  4.35964553e+25]
 [-1.77478843e+26  3.62893957e+26 -1.83897913e+26]
 [ 4.35964553e+25 -1.83897913e+26  2.35078564e+26]]
*** Weight ***
[[0.49591633]
 [0.00794228]
 [0.4961414 ]]
*** Weighted output ***
[-3.26888038e-14 -5.89548967e-14 -1.39338214e-14 ... -1.57702994e-14
  9.04763885e-15  1.96537293e-14]
*** Inverse variance weight ***
[0.20126516 0.20214615 0.19861959 0.19953313 0.19843597]
*** Inverse variance weighted clock ***
6.643880276953687e-14
------------------Step 11------------------
*** Raw sum ***
[-1.80713914e-13  2.35432227e-14  2.55766892e-13 ... -1.23957911e-14
  1.90168343e-13  1.00910067e-13]
*** Raw sum ***
[-1.59018460e-13 -2.31602226e-14  1.76891456e-13 ... -7.84675615e-14
 -2.38969800e-14  2.20380184e-13]
*** Raw sum ***
[-1.73302896e-13 -1.07414918e-13  9.61218648e-14 ...  6.83543093e-14
 -7.08600445e-14  2.65048751e-13]
*** Cov mean ***
[[7.73811052e-27 5.16746984e-27 2.57868064e-27]
 [5.16746984e-27 7.79134987e-27 5.25875450e-27]
 [2.57868064e-27 5.25875450e-27 7.73392350e-27]]
*** Corr ***
[[1.         0.66550931 0.33333442]
 [0.66550931 1.         0.677449  ]
 [0.33333442 0.677449   1.        ]]
*** Regularization term ***
[[1.55826997e-28 0.00000000e+00 0.00000000e+00]
 [0.00000000e+00 1.55826997e-28 0.00000000e+00]
 [0.00000000e+00 0.00000000e+00 1.55826997e-28]]
*** Inverse Cov mean ***
[[ 2.28642566e+26 -1.77512265e+26  4.35878501e+25]
 [-1.77512265e+26  3.62936787e+26 -1.83890228e+26]
 [ 4.35878501e+25 -1.83890228e+26  2.35068830e+26]]
*** Weight ***
[[0.49585749]
 [0.00803216]
 [0.49611035]]
*** Weighted output ***
[-5.89543234e-14 -1.39338653e-14  5.86439340e-14 ...  9.04482354e-15
  1.96500172e-14  6.11001899e-14]
*** Inverse variance weight ***
[0.20007525 0.20243905 0.19924506 0.19944427 0.19879636]
*** Inverse variance weighted clock ***
7.944057679926008e-15
------------------Step 12------------------
*** Raw sum ***
[ 2.35432227e-14  2.55766892e-13 -3.12992483e-14 ...  1.90168343e-13
  1.00910067e-13 -5.40340177e-14]
*** Raw sum ***
[-2.31602226e-14  1.76891456e-13 -5.00668435e-14 ... -2.38969800e-14
  2.20380184e-13 -1.63944345e-13]
*** Raw sum ***
[-1.07414918e-13  9.61218648e-14 -3.09255286e-14 ... -7.08600445e-14
  2.65048751e-13 -5.05487580e-14]
*** Cov mean ***
[[7.73672485e-27 5.16660619e-27 2.57734582e-27]
 [5.16660619e-27 7.79141913e-27 5.25791731e-27]
 [2.57734582e-27 5.25791731e-27 7.73263770e-27]]
*** Corr ***
[[1.         0.66545471 0.33321941]
 [0.66545471 1.         0.67739445]
 [0.33321941 0.67739445 1.        ]]
*** Regularization term ***
[[1.55828383e-28 0.00000000e+00 0.00000000e+00]
 [0.00000000e+00 1.55828383e-28 0.00000000e+00]
 [0.00000000e+00 0.00000000e+00 1.55828383e-28]]
*** Inverse Cov mean ***
[[ 2.28658702e+26 -1.77501199e+26  4.36021494e+25]
 [-1.77501199e+26  3.62878664e+26 -1.83876564e+26]
 [ 4.36021494e+25 -1.83876564e+26  2.35081185e+26]]
*** Weight ***
[[0.49594902]
 [0.00785535]
 [0.49619562]]
*** Weighted output ***
[-1.39348353e-14  5.86440446e-14 -1.04204121e-14 ...  1.96552134e-14
  6.10978146e-14 -1.77226772e-14]
*** Inverse variance weight ***
[0.1993923  0.20183778 0.19818918 0.19970798 0.20087276]
*** Inverse variance weighted clock ***
-2.3687807182340183e-14
------------------Step 13------------------
*** Raw sum ***
[ 2.55766892e-13 -3.12992483e-14  2.75785519e-14 ...  1.00910067e-13
 -5.40340177e-14 -6.70845223e-14]
*** Raw sum ***
[ 1.76891456e-13 -5.00668435e-14  1.17677949e-13 ...  2.20380184e-13
 -1.63944345e-13 -1.87726682e-14]
*** Raw sum ***
[ 9.61218648e-14 -3.09255286e-14  7.92057628e-14 ...  2.65048751e-13
 -5.05487580e-14  9.23817017e-14]
*** Cov mean ***
[[7.73707431e-27 5.16676316e-27 2.57708483e-27]
 [5.16676316e-27 7.79140311e-27 5.25754660e-27]
 [2.57708483e-27 5.25754660e-27 7.73209004e-27]]
*** Corr ***
[[1.         0.66546058 0.33318994]
 [0.66546058 1.         0.67737138]
 [0.33318994 0.67737138 1.        ]]
*** Regularization term ***
[[1.55828062e-28 0.00000000e+00 0.00000000e+00]
 [0.00000000e+00 1.55828062e-28 0.00000000e+00]
 [0.00000000e+00 0.00000000e+00 1.55828062e-28]]
*** Inverse Cov mean ***
[[ 2.28654212e+26 -1.77505472e+26  4.36087175e+25]
 [-1.77505472e+26  3.62876130e+26 -1.83875071e+26]
 [ 4.36087175e+25 -1.83875071e+26  2.35087176e+26]]
*** Weight ***
[[0.49592055]
 [0.00782727]
 [0.49625218]]
*** Weighted output ***
[ 5.86417735e-14 -1.04202294e-14  1.79679666e-14 ...  6.10997904e-14
 -1.77215825e-14  4.14302959e-15]
*** Inverse variance weight ***
[0.20100062 0.20046385 0.20050974 0.19768734 0.20033845]
*** Inverse variance weighted clock ***
4.7432733323046984e-14
------------------Step 14------------------
*** Raw sum ***
[-3.12992483e-14  2.75785519e-14 -2.60171263e-13 ... -5.40340177e-14
 -6.70845223e-14  2.36635590e-13]
*** Raw sum ***
[-5.00668435e-14  1.17677949e-13 -2.62700283e-13 ... -1.63944345e-13
 -1.87726682e-14  1.62388145e-13]
*** Raw sum ***
[-3.09255286e-14  7.92057628e-14 -1.97424389e-13 ... -5.05487580e-14
  9.23817017e-14 -3.74525017e-14]
*** Cov mean ***
[[7.73676828e-27 5.16654701e-27 2.57601657e-27]
 [5.16654701e-27 7.79125126e-27 5.25684743e-27]
 [2.57601657e-27 5.25684743e-27 7.73209155e-27]]
*** Corr ***
[[1.         0.66545238 0.33305838]
 [0.66545238 1.         0.67728783]
 [0.33305838 0.67728783 1.        ]]
*** Regularization term ***
[[1.55825025e-28 0.00000000e+00 0.00000000e+00]
 [0.00000000e+00 1.55825025e-28 0.00000000e+00]
 [0.00000000e+00 0.00000000e+00 1.55825025e-28]]
*** Inverse Cov mean ***
[[ 2.28668190e+26 -1.77522557e+26  4.36307797e+25]
 [-1.77522557e+26  3.62854906e+26 -1.83847257e+26]
 [ 4.36307797e+25 -1.83847257e+26  2.35051087e+26]]
*** Weight ***
[[0.49596201]
 [0.00777144]
 [0.49626655]]
*** Weighted output ***
[-1.04198783e-14  1.79665372e-14 -7.63505807e-14 ... -1.77195203e-14
  4.14289458e-15  3.33459426e-14]
*** Inverse variance weight ***
[0.20041236 0.20103349 0.20104999 0.19720325 0.2003009 ]
*** Inverse variance weighted clock ***
-3.9566165109371e-14
------------------Step 15------------------
*** Raw sum ***
[ 2.75785519e-14 -2.60171263e-13  1.76915123e-13 ... -6.70845223e-14
  2.36635590e-13  1.27001090e-13]
*** Raw sum ***
[ 1.17677949e-13 -2.62700283e-13  7.86984608e-15 ... -1.87726682e-14
  1.62388145e-13  8.85085850e-14]
*** Raw sum ***
[ 7.92057628e-14 -1.97424389e-13  8.49255435e-14 ...  9.23817017e-14
 -3.74525017e-14  8.32154741e-14]
*** Cov mean ***
[[7.73697433e-27 5.16658385e-27 2.57607127e-27]
 [5.16658385e-27 7.79115787e-27 5.25679181e-27]
 [2.57607127e-27 5.25679181e-27 7.73206330e-27]]
*** Corr ***
[[1.         0.66545226 0.33306162]
 [0.66545226 1.         0.67728596]
 [0.33306162 0.67728596 1.        ]]
*** Regularization term ***
[[1.55823157e-28 0.00000000e+00 0.00000000e+00]
 [0.00000000e+00 1.55823157e-28 0.00000000e+00]
 [0.00000000e+00 0.00000000e+00 1.55823157e-28]]
*** Inverse Cov mean ***
[[ 2.28661612e+26 -1.77519446e+26  4.36281844e+25]
 [-1.77519446e+26  3.62855788e+26 -1.83845774e+26]
 [ 4.36281844e+25 -1.83845774e+26  2.35050245e+26]]
*** Weight ***
[[0.49593688]
 [0.0078002 ]
 [0.49626293]]
*** Weighted output ***
[ 1.79673386e-14 -7.63506809e-14  4.33151727e-14 ...  4.14316490e-15
  3.33455622e-14  3.49905544e-14]
*** Inverse variance weight ***
[0.20009978 0.2008543  0.20291991 0.1974001  0.19872591]
*** Inverse variance weighted clock ***
2.115726847359793e-14
------------------Step 16------------------
*** Raw sum ***
[-2.60171263e-13  1.76915123e-13  7.63229926e-14 ...  2.36635590e-13
  1.27001090e-13 -1.79875039e-13]
*** Raw sum ***
[-2.62700283e-13  7.86984608e-15  4.84573136e-14 ...  1.62388145e-13
  8.85085850e-14 -7.36952883e-14]
*** Raw sum ***
[-1.97424389e-13  8.49255435e-14  7.99687815e-14 ... -3.74525017e-14
  8.32154741e-14 -6.10507424e-14]
*** Cov mean ***
[[7.73860995e-27 5.16738687e-27 2.57678100e-27]
 [5.16738687e-27 7.79124753e-27 5.25696933e-27]
 [2.57678100e-27 5.25696933e-27 7.73227534e-27]]
*** Corr ***
[[1.         0.66548152 0.33311361]
 [0.66548152 1.         0.67729565]
 [0.33311361 0.67729565 1.        ]]
*** Regularization term ***
[[1.55824951e-28 0.00000000e+00 0.00000000e+00]
 [0.00000000e+00 1.55824951e-28 0.00000000e+00]
 [0.00000000e+00 0.00000000e+00 1.55824951e-28]]
*** Inverse Cov mean ***
[[ 2.28626499e+26 -1.77510583e+26  4.36159863e+25]
 [-1.77510583e+26  3.62865732e+26 -1.83842506e+26]
 [ 4.36159863e+25 -1.83842506e+26  2.35045892e+26]]
*** Weight ***
[[0.49581262]
 [0.00791695]
 [0.49627043]]
*** Weighted output ***
[-7.63506223e-14  4.33083641e-14  2.59705596e-14 ...  3.33419872e-14
  3.49889469e-14 -4.00218116e-14]
*** Inverse variance weight ***
[0.1999949  0.19990184 0.20259707 0.19776705 0.19973914]
*** Inverse variance weighted clock ***
-5.5044002129692015e-15
------------------Step 17------------------
*** Raw sum ***
[ 1.76915123e-13  7.63229926e-14 -9.25174812e-14 ...  1.27001090e-13
 -1.79875039e-13 -2.00451524e-14]
*** Raw sum ***
[ 7.86984608e-15  4.84573136e-14  3.21732244e-14 ...  8.85085850e-14
 -7.36952883e-14 -7.72331259e-14]
*** Raw sum ***
[ 8.49255435e-14  7.99687815e-14  1.33056778e-13 ...  8.32154741e-14
 -6.10507424e-14 -1.11183689e-13]
*** Cov mean ***
[[7.73557891e-27 5.16445269e-27 2.57460201e-27]
 [5.16445269e-27 7.78852317e-27 5.25507333e-27]
 [2.57460201e-27 5.25507333e-27 7.73110115e-27]]
*** Corr ***
[[1.         0.66535027 0.3329224 ]
 [0.66535027 1.         0.6772212 ]
 [0.3329224  0.6772212  1.        ]]
*** Regularization term ***
[[1.55770463e-28 0.00000000e+00 0.00000000e+00]
 [0.00000000e+00 1.55770463e-28 0.00000000e+00]
 [0.00000000e+00 0.00000000e+00 1.55770463e-28]]
*** Inverse Cov mean ***
[[ 2.28653630e+26 -1.77505342e+26  4.36309239e+25]
 [-1.77505342e+26  3.62881640e+26 -1.83845267e+26]
 [ 4.36309239e+25 -1.83845267e+26  2.35047328e+26]]
*** Weight ***
[[0.49585441]
 [0.00800986]
 [0.49613573]]
*** Weighted output ***
[ 4.33072588e-14  2.59695328e-14  6.79890802e-15 ...  3.49897207e-14
 -4.00238583e-14 -2.19067682e-14]
*** Inverse variance weight ***
[0.19974559 0.19914977 0.20413798 0.19787787 0.19908879]
*** Inverse variance weighted clock ***
-5.1708080969448944e-14
------------------Step 18------------------
*** Raw sum ***
[ 7.63229926e-14 -9.25174812e-14  1.81262893e-13 ... -1.79875039e-13
 -2.00451524e-14  1.58691801e-13]
*** Raw sum ***
[ 4.84573136e-14  3.21732244e-14  4.92486012e-14 ... -7.36952883e-14
 -7.72331259e-14  3.96914944e-14]
*** Raw sum ***
[ 7.99687815e-14  1.33056778e-13  6.98823330e-14 ... -6.10507424e-14
 -1.11183689e-13  7.52104169e-14]
*** Cov mean ***
[[7.73539326e-27 5.16461785e-27 2.57451838e-27]
 [5.16461785e-27 7.78851245e-27 5.25513459e-27]
 [2.57451838e-27 5.25513459e-27 7.73106475e-27]]
*** Corr ***
[[1.         0.66537999 0.33291636]
 [0.66537999 1.         0.67723115]
 [0.33291636 0.67723115 1.        ]]
*** Regularization term ***
[[1.55770249e-28 0.00000000e+00 0.00000000e+00]
 [0.00000000e+00 1.55770249e-28 0.00000000e+00]
 [0.00000000e+00 0.00000000e+00 1.55770249e-28]]
*** Inverse Cov mean ***
[[ 2.28679789e+26 -1.77539928e+26  4.36494358e+25]
 [-1.77539928e+26  3.62925089e+26 -1.83868482e+26]
 [ 4.36494358e+25 -1.83868482e+26  2.35059735e+26]]
*** Weight ***
[[0.49589825]
 [0.00793463]
 [0.49616712]]
*** Weighted output ***
[ 2.59702697e-14  6.79814114e-15  4.16506790e-14 ... -4.00252778e-14
 -2.19062876e-14  3.87756199e-14]
*** Inverse variance weight ***
[0.19999672 0.1976434  0.20341555 0.19853735 0.20040697]
*** Inverse variance weighted clock ***
-4.5674922941538946e-15
------------------Step 19------------------
*** Raw sum ***
[-9.25174812e-14  1.81262893e-13  3.08673095e-13 ... -2.00451524e-14
  1.58691801e-13  9.56174256e-14]
*** Raw sum ***
[ 3.21732244e-14  4.92486012e-14  2.02398136e-14 ... -7.72331259e-14
  3.96914944e-14  6.73940715e-14]
*** Raw sum ***
[ 1.33056778e-13  6.98823330e-14 -1.60686048e-13 ... -1.11183689e-13
  7.52104169e-14  4.92383979e-14]
*** Cov mean ***
[[7.73547285e-27 5.16467805e-27 2.57448010e-27]
 [5.16467805e-27 7.78855397e-27 5.25512554e-27]
 [2.57448010e-27 5.25512554e-27 7.73098479e-27]]
*** Corr ***
[[1.         0.66538255 0.33291142]
 [0.66538255 1.         0.67723168]
 [0.33291142 0.67723168 1.        ]]
*** Regularization term ***
[[1.55771079e-28 0.00000000e+00 0.00000000e+00]
 [0.00000000e+00 1.55771079e-28 0.00000000e+00]
 [0.00000000e+00 0.00000000e+00 1.55771079e-28]]
*** Inverse Cov mean ***
[[ 2.28679912e+26 -1.77542931e+26  4.36527406e+25]
 [-1.77542931e+26  3.62928700e+26 -1.83872198e+26]
 [ 4.36527406e+25 -1.83872198e+26  2.35063491e+26]]
*** Weight ***
[[0.49589876]
 [0.00791835]
 [0.4961829 ]]
*** Weighted output ***
[ 6.79865084e-15  4.16508097e-14  2.45004004e-14 ... -2.19064566e-14
  3.87758267e-14  2.41271543e-14]
*** Inverse variance weight ***
[0.19972965 0.19783386 0.20302245 0.19945934 0.19995469]
*** Inverse variance weighted clock ***
6.741472194864347e-14
------------------Step 20------------------
*** Raw sum ***
[1.81262893e-13 3.08673095e-13 2.14490679e-13 ... 1.58691801e-13
 9.56174256e-14 7.48819901e-14]
*** Raw sum ***
[ 4.92486012e-14  2.02398136e-14 -2.49157273e-14 ...  3.96914944e-14
  6.73940715e-14  1.94276468e-13]
*** Raw sum ***
[ 6.98823330e-14 -1.60686048e-13 -4.51667895e-14 ...  7.52104169e-14
  4.92383979e-14  1.95394713e-13]
*** Cov mean ***
[[7.73498771e-27 5.16496950e-27 2.57522525e-27]
 [5.16496950e-27 7.78957334e-27 5.25613059e-27]
 [2.57522525e-27 5.25613059e-27 7.73160704e-27]]
*** Corr ***
[[1.         0.66539742 0.33300482]
 [0.66539742 1.         0.67728963]
 [0.33300482 0.67728963 1.        ]]
*** Regularization term ***
[[1.55791467e-28 0.00000000e+00 0.00000000e+00]
 [0.00000000e+00 1.55791467e-28 0.00000000e+00]
 [0.00000000e+00 0.00000000e+00 1.55791467e-28]]
*** Inverse Cov mean ***
[[ 2.28694587e+26 -1.77534646e+26  4.36398908e+25]
 [-1.77534646e+26  3.62907718e+26 -1.83875412e+26]
 [ 4.36398908e+25 -1.83875412e+26  2.35069982e+26]]
*** Weight ***
[[0.49599154]
 [0.00783574]
 [0.49617272]]
*** Weighted output ***
[4.16548227e-14 2.45099347e-14 2.79266002e-14 ... 3.87793868e-14
 2.41280888e-14 4.52042198e-14]
*** Inverse variance weight ***
[0.20006893 0.19857489 0.20064914 0.19927107 0.20143597]
*** Inverse variance weighted clock ***
2.28864234960218e-14
------------------Step 21------------------
*** Raw sum ***
[ 3.08673095e-13  2.14490679e-13  3.52162809e-14 ...  9.56174256e-14
  7.48819901e-14 -2.79346452e-14]
*** Raw sum ***
[ 2.02398136e-14 -2.49157273e-14  3.23038812e-14 ...  6.73940715e-14
  1.94276468e-13 -1.00963528e-13]
*** Raw sum ***
[-1.60686048e-13 -4.51667895e-14  1.42048951e-13 ...  4.92383979e-14
  1.95394713e-13 -1.40009858e-13]
*** Cov mean ***
[[7.73426916e-27 5.16513151e-27 2.57536491e-27]
 [5.16513151e-27 7.79017647e-27 5.25691107e-27]
 [2.57536491e-27 5.25691107e-27 7.73261061e-27]]
*** Corr ***
[[1.         0.66542344 0.33301674]
 [0.66542344 1.         0.67732002]
 [0.33301674 0.67732002 1.        ]]
*** Regularization term ***
[[1.55803529e-28 0.00000000e+00 0.00000000e+00]
 [0.00000000e+00 1.55803529e-28 0.00000000e+00]
 [0.00000000e+00 0.00000000e+00 1.55803529e-28]]
*** Inverse Cov mean ***
[[ 2.28732681e+26 -1.77564987e+26  4.36555710e+25]
 [-1.77564987e+26  3.62930551e+26 -1.83889812e+26]
 [ 4.36555710e+25 -1.83889812e+26  2.35061614e+26]]
*** Weight ***
[[0.49612858]
 [0.00772134]
 [0.49615008]]
*** Weighted output ***
[ 2.45244763e-14  2.79376893e-14  2.93996103e-14 ...  2.41295151e-14
  4.51987574e-14 -2.80348839e-14]
*** Inverse variance weight ***
[0.20090328 0.1980772  0.19921365 0.2000273  0.20177856]
*** Inverse variance weighted clock ***
6.696941503157405e-14
------------------Step 22------------------
*** Raw sum ***
[ 2.14490679e-13  3.52162809e-14 -1.34453048e-13 ...  7.48819901e-14
 -2.79346452e-14 -1.22855878e-14]
*** Raw sum ***
[-2.49157273e-14  3.23038812e-14 -1.94292543e-13 ...  1.94276468e-13
 -1.00963528e-13 -2.46623805e-13]
*** Raw sum ***
[-4.51667895e-14  1.42048951e-13 -1.49636235e-13 ...  1.95394713e-13
 -1.40009858e-13 -5.92899935e-14]
*** Cov mean ***
[[7.73146526e-27 5.16564821e-27 2.57746580e-27]
 [5.16564821e-27 7.79297410e-27 5.25775813e-27]
 [2.57746580e-27 5.25775813e-27 7.73156304e-27]]
*** Corr ***
[[1.         0.66549118 0.33337141]
 [0.66549118 1.         0.67735343]
 [0.33337141 0.67735343 1.        ]]
*** Regularization term ***
[[1.55859482e-28 0.00000000e+00 0.00000000e+00]
 [0.00000000e+00 1.55859482e-28 0.00000000e+00]
 [0.00000000e+00 0.00000000e+00 1.55859482e-28]]
*** Inverse Cov mean ***
[[ 2.28801613e+26 -1.77496333e+26  4.35509135e+25]
 [-1.77496333e+26  3.62717452e+26 -1.83784995e+26]
 [ 4.35509135e+25 -1.83784995e+26  2.35063616e+26]]
*** Weight ***
[[0.49631265]
 [0.00751418]
 [0.49617317]]
*** Weighted output ***
[ 2.79522224e-14  2.94006336e-14 -4.74787276e-14 ...  4.51914404e-14
 -2.80307036e-14 -1.24562576e-14]
*** Inverse variance weight ***
[0.20156743 0.1993069  0.19876792 0.19940108 0.20095667]
*** Inverse variance weighted clock ***
-3.3135611142725353e-15
------------------Step 23------------------
*** Raw sum ***
[ 3.52162809e-14 -1.34453048e-13  5.41908279e-14 ... -2.79346452e-14
 -1.22855878e-14  1.22879290e-13]
*** Raw sum ***
[ 3.23038812e-14 -1.94292543e-13 -1.26101138e-14 ... -1.00963528e-13
 -2.46623805e-13  1.76093054e-13]
*** Raw sum ***
[ 1.42048951e-13 -1.49636235e-13 -5.09016612e-14 ... -1.40009858e-13
 -5.92899935e-14  3.29068789e-13]
*** Cov mean ***
[[7.73052572e-27 5.16651853e-27 2.57900323e-27]
 [5.16651853e-27 7.79367807e-27 5.25925074e-27]
 [2.57900323e-27 5.25925074e-27 7.73468072e-27]]
*** Corr ***
[[1.         0.66561369 0.3335233 ]
 [0.66561369 1.         0.67737856]
 [0.3335233  0.67737856 1.        ]]
*** Regularization term ***
[[1.55873561e-28 0.00000000e+00 0.00000000e+00]
 [0.00000000e+00 1.55873561e-28 0.00000000e+00]
 [0.00000000e+00 0.00000000e+00 1.55873561e-28]]
*** Inverse Cov mean ***
[[ 2.28884663e+26 -1.77558036e+26  4.35366052e+25]
 [-1.77558036e+26  3.62757146e+26 -1.83752369e+26]
 [ 4.35366052e+25 -1.83752369e+26  2.34979530e+26]]
*** Weight ***
[[0.49647446]
 [0.00757164]
 [0.4959539 ]]
*** Weighted output ***
[ 2.93927696e-14 -4.74787640e-14  5.21335157e-16 ... -2.80239109e-14
 -1.24573102e-14  7.51808972e-14]
*** Inverse variance weight ***
[0.2004862  0.199839   0.19773951 0.2004197  0.20151559]
*** Inverse variance weighted clock ***
2.4378376179261738e-14
------------------Step 24------------------
*** Raw sum ***
[-1.34453048e-13  5.41908279e-14  2.07913825e-14 ... -1.22855878e-14
  1.22879290e-13 -1.38739384e-14]
*** Raw sum ***
[-1.94292543e-13 -1.26101138e-14 -1.19419477e-13 ... -2.46623805e-13
  1.76093054e-13 -3.19200096e-15]
*** Raw sum ***
[-1.49636235e-13 -5.09016612e-14 -8.36563882e-14 ... -5.92899935e-14
  3.29068789e-13 -1.35694249e-14]
*** Cov mean ***
[[7.73059688e-27 5.16656930e-27 2.57905288e-27]
 [5.16656930e-27 7.79371427e-27 5.25928443e-27]
 [2.57905288e-27 5.25928443e-27 7.73428034e-27]]
*** Corr ***
[[1.         0.66561562 0.33353682]
 [0.66561562 1.         0.67739886]
 [0.33353682 0.67739886 1.        ]]
*** Regularization term ***
[[1.55874285e-28 0.00000000e+00 0.00000000e+00]
 [0.00000000e+00 1.55874285e-28 0.00000000e+00]
 [0.00000000e+00 0.00000000e+00 1.55874285e-28]]
*** Inverse Cov mean ***
[[ 2.28884147e+26 -1.77560908e+26  4.35402115e+25]
 [-1.77560908e+26  3.62771308e+26 -1.83770609e+26]
 [ 4.35402115e+25 -1.83770609e+26  2.35002923e+26]]
*** Weight ***
[[0.49647034]
 [0.00753518]
 [0.49599448]]
*** Weighted output ***
[-4.74782421e-14  5.20725459e-16 -1.06902164e-14 ... -1.24550982e-14
  7.51830395e-14 -4.54747035e-15]
*** Inverse variance weight ***
[0.20066018 0.20060146 0.1984305  0.2001149  0.20019297]
*** Inverse variance weighted clock ***
-1.7816247312991937e-14
------------------Step 25------------------
*** Raw sum ***
[ 5.41908279e-14  2.07913825e-14  1.28480245e-13 ...  1.22879290e-13
 -1.38739384e-14  8.72025823e-14]
*** Raw sum ***
[-1.26101138e-14 -1.19419477e-13 -7.29792269e-14 ...  1.76093054e-13
 -3.19200096e-15  2.45014362e-14]
*** Raw sum ***
[-5.09016612e-14 -8.36563882e-14 -2.47270447e-13 ...  3.29068789e-13
 -1.35694249e-14 -7.32107829e-15]
*** Cov mean ***
[[7.72971222e-27 5.16520302e-27 2.57788226e-27]
 [5.16520302e-27 7.79187897e-27 5.25781237e-27]
 [2.57788226e-27 5.25781237e-27 7.73314182e-27]]
*** Corr ***
[[1.         0.66555605 0.33342904]
 [0.66555605 1.         0.67733887]
 [0.33342904 0.67733887 1.        ]]
*** Regularization term ***
[[1.55837579e-28 0.00000000e+00 0.00000000e+00]
 [0.00000000e+00 1.55837579e-28 0.00000000e+00]
 [0.00000000e+00 0.00000000e+00 1.55837579e-28]]
*** Inverse Cov mean ***
[[ 2.28883183e+26 -1.77558822e+26  4.35464536e+25]
 [-1.77558822e+26  3.62790518e+26 -1.83770126e+26]
 [ 4.35464536e+25 -1.83770126e+26  2.35007739e+26]]
*** Weight ***
[[0.49640318]
 [0.00764754]
 [0.49594928]]
*** Weighted output ***
[ 5.19806888e-16 -1.06938941e-14 -1.98045700e-14 ...  7.51819262e-14
 -4.54707488e-15  1.32813771e-14]
*** Inverse variance weight ***
[0.19944325 0.19959653 0.1992233  0.20204542 0.1996915 ]
*** Inverse variance weighted clock ***
-1.6290343017979204e-14
------------------Step 26------------------
*** Raw sum ***
[ 2.07913825e-14  1.28480245e-13 -2.77471273e-14 ... -1.38739384e-14
  8.72025823e-14  1.30729390e-13]
*** Raw sum ***
[-1.19419477e-13 -7.29792269e-14 -4.85556617e-14 ... -3.19200096e-15
  2.45014362e-14  2.42640067e-13]
*** Raw sum ***
[-8.36563882e-14 -2.47270447e-13 -8.01565538e-14 ... -1.35694249e-14
 -7.32107829e-15  5.40253061e-14]
*** Cov mean ***
[[7.73006487e-27 5.16603673e-27 2.57804471e-27]
 [5.16603673e-27 7.79351758e-27 5.25788480e-27]
 [2.57804471e-27 5.25788480e-27 7.73292447e-27]]
*** Corr ***
[[1.         0.66557831 0.33344714]
 [0.66557831 1.         0.67728651]
 [0.33344714 0.67728651 1.        ]]
*** Regularization term ***
[[1.55870352e-28 0.00000000e+00 0.00000000e+00]
 [0.00000000e+00 1.55870352e-28 0.00000000e+00]
 [0.00000000e+00 0.00000000e+00 1.55870352e-28]]
*** Inverse Cov mean ***
[[ 2.28876296e+26 -1.77527913e+26  4.35260392e+25]
 [-1.77527913e+26  3.62671128e+26 -1.83704627e+26]
 [ 4.35260392e+25 -1.83704627e+26  2.34977045e+26]]
*** Weight ***
[[0.49643501]
 [0.00752748]
 [0.49603751]]
*** Weighted output ***
[-1.06913547e-14 -1.98075587e-14 -1.79669349e-14 ... -4.54749341e-15
  1.32811064e-14  3.11745641e-14]
*** Inverse variance weight ***
[0.19934691 0.19945237 0.20068035 0.20223804 0.19828233]
*** Inverse variance weighted clock ***
4.649001582499715e-15
------------------Step 27------------------
*** Raw sum ***
[ 1.28480245e-13 -2.77471273e-14  1.26626020e-13 ...  8.72025823e-14
  1.30729390e-13  1.88768285e-13]
*** Raw sum ***
[-7.29792269e-14 -4.85556617e-14  1.82170282e-13 ...  2.45014362e-14
  2.42640067e-13  1.54547764e-13]
*** Raw sum ***
[-2.47270447e-13 -8.01565538e-14  6.88548722e-14 ... -7.32107829e-15
  5.40253061e-14  3.94863347e-14]
*** Cov mean ***
[[7.73099196e-27 5.16672541e-27 2.57806335e-27]
 [5.16672541e-27 7.79329787e-27 5.25731157e-27]
 [2.57806335e-27 5.25731157e-27 7.73245355e-27]]
*** Corr ***
[[1.         0.66563651 0.33343971]
 [0.66563651 1.         0.67724283]
 [0.33343971 0.67724283 1.        ]]
*** Regularization term ***
[[1.55865957e-28 0.00000000e+00 0.00000000e+00]
 [0.00000000e+00 1.55865957e-28 0.00000000e+00]
 [0.00000000e+00 0.00000000e+00 1.55865957e-28]]
*** Inverse Cov mean ***
[[ 2.28882664e+26 -1.77558853e+26  4.35337600e+25]
 [-1.77558853e+26  3.62698654e+26 -1.83697156e+26]
 [ 4.35337600e+25 -1.83697156e+26  2.34970248e+26]]
*** Weight ***
[[0.49635825]
 [0.00754888]
 [0.49609286]]
*** Weighted output ***
[-1.98159285e-14 -1.79680503e-14  3.27951544e-14 ...  1.32789151e-14
  3.11739474e-14  3.81507494e-14]
*** Inverse variance weight ***
[0.19894986 0.19934859 0.20060422 0.20274908 0.19834826]
*** Inverse variance weighted clock ***
8.634940753012624e-15
------------------Step 28------------------
*** Raw sum ***
[-2.77471273e-14  1.26626020e-13 -1.49372132e-13 ...  1.30729390e-13
  1.88768285e-13  2.31111262e-13]
*** Raw sum ***
[-4.85556617e-14  1.82170282e-13  5.97102255e-14 ...  2.42640067e-13
  1.54547764e-13  2.22015880e-13]
*** Raw sum ***
[-8.01565538e-14  6.88548722e-14  1.44578781e-13 ...  5.40253061e-14
  3.94863347e-14  4.53485060e-13]
*** Cov mean ***
[[7.73212864e-27 5.16853424e-27 2.58222343e-27]
 [5.16853424e-27 7.79430528e-27 5.25931153e-27]
 [2.58222343e-27 5.25931153e-27 7.73627054e-27]]
*** Corr ***
[[1.         0.66577757 0.33387082]
 [0.66577757 1.         0.67728954]
 [0.33387082 0.67728954 1.        ]]
*** Regularization term ***
[[1.55886106e-28 0.00000000e+00 0.00000000e+00]
 [0.00000000e+00 1.55886106e-28 0.00000000e+00]
 [0.00000000e+00 0.00000000e+00 1.55886106e-28]]
*** Inverse Cov mean ***
[[ 2.28877513e+26 -1.77511989e+26  4.34073963e+25]
 [-1.77511989e+26  3.62625706e+26 -1.83572882e+26]
 [ 4.34073963e+25 -1.83572882e+26  2.34838139e+26]]
*** Weight ***
[[0.49622861]
 [0.00806778]
 [0.49570361]]
*** Weighted output ***
[-1.79648493e-14  3.28122574e-14 -6.57590803e-16 ...  3.12032563e-14
  3.81641998e-14  1.13756459e-13]
*** Inverse variance weight ***
[0.1983386  0.19943036 0.20132197 0.20260279 0.19830627]
*** Inverse variance weighted clock ***
4.445784771328872e-14
------------------Step 29------------------
*** Raw sum ***
[ 1.26626020e-13 -1.49372132e-13  5.04097756e-14 ...  1.88768285e-13
  2.31111262e-13 -8.38282446e-14]
*** Raw sum ***
