{"metadata":{"language_info":{"name":"python","version":"3.7.6","mimetype":"text/x-python","codemirror_mode":{"name":"ipython","version":3},"pygments_lexer":"ipython3","nbconvert_exporter":"python","file_extension":".py"},"kernelspec":{"name":"python3","display_name":"Python 3","language":"python"}},"nbformat_minor":4,"nbformat":4,"cells":[{"cell_type":"markdown","source":"# Minimum Variance Beamformer","metadata":{}},{"cell_type":"markdown","source":"### 1. 生成随机数据(Normalized)","metadata":{}},{"cell_type":"code","source":"%matplotlib inline\nimport numpy as np\ntest_data = np.random.rand(10,5)\nprint(test_data)","metadata":{"trusted":true},"execution_count":2,"outputs":[{"name":"stdout","text":"[[0.44165064 0.13589517 0.3160139  0.95734931 0.70584854]\n [0.24513702 0.33953498 0.02633527 0.01353631 0.98432537]\n [0.61109763 0.31423796 0.61340871 0.18940292 0.17654108]\n [0.508474   0.97951417 0.07662894 0.75738817 0.46087482]\n [0.8782208  0.89941664 0.27477742 0.55923794 0.92744484]\n [0.54200348 0.86638297 0.07515069 0.84154677 0.16596313]\n [0.863227   0.20950782 0.68509641 0.92722771 0.14726707]\n [0.65724696 0.99691587 0.14795273 0.77204327 0.02246748]\n [0.39205626 0.18273275 0.71251297 0.27630306 0.33365591]\n [0.03099494 0.51657958 0.29185079 0.94167627 0.59857266]]\n","output_type":"stream"}]},{"cell_type":"markdown","source":"### 2. 生成子组","metadata":{}},{"cell_type":"code","source":"subset_size = 3\nsubsets = list()\nfor i in range(test_data.shape[1]):\n    if i + subset_size <= test_data.shape[1]:\n        subset = test_data[:,i:i+subset_size]\n        subsets.append(subset)\nprint(subsets)","metadata":{"trusted":true},"execution_count":3,"outputs":[{"name":"stdout","text":"[array([[0.44165064, 0.13589517, 0.3160139 ],\n       [0.24513702, 0.33953498, 0.02633527],\n       [0.61109763, 0.31423796, 0.61340871],\n       [0.508474  , 0.97951417, 0.07662894],\n       [0.8782208 , 0.89941664, 0.27477742],\n       [0.54200348, 0.86638297, 0.07515069],\n       [0.863227  , 0.20950782, 0.68509641],\n       [0.65724696, 0.99691587, 0.14795273],\n       [0.39205626, 0.18273275, 0.71251297],\n       [0.03099494, 0.51657958, 0.29185079]]), array([[0.13589517, 0.3160139 , 0.95734931],\n       [0.33953498, 0.02633527, 0.01353631],\n       [0.31423796, 0.61340871, 0.18940292],\n       [0.97951417, 0.07662894, 0.75738817],\n       [0.89941664, 0.27477742, 0.55923794],\n       [0.86638297, 0.07515069, 0.84154677],\n       [0.20950782, 0.68509641, 0.92722771],\n       [0.99691587, 0.14795273, 0.77204327],\n       [0.18273275, 0.71251297, 0.27630306],\n       [0.51657958, 0.29185079, 0.94167627]]), array([[0.3160139 , 0.95734931, 0.70584854],\n       [0.02633527, 0.01353631, 0.98432537],\n       [0.61340871, 0.18940292, 0.17654108],\n       [0.07662894, 0.75738817, 0.46087482],\n       [0.27477742, 0.55923794, 0.92744484],\n       [0.07515069, 0.84154677, 0.16596313],\n       [0.68509641, 0.92722771, 0.14726707],\n       [0.14795273, 0.77204327, 0.02246748],\n       [0.71251297, 0.27630306, 0.33365591],\n       [0.29185079, 0.94167627, 0.59857266]])]\n","output_type":"stream"}]},{"cell_type":"markdown","source":"### 3. 生成滑动窗口","metadata":{}},{"cell_type":"code","source":"window_size = 5\nwindow_step = 1\nfor i in range(test_data.shape[0]):\n    subset_cov_sum = None\n    print(\"Step: %s\" % i)\n    for j in range(len(subsets)):\n        if i + window_size <= test_data.shape[0]:\n            # 1. Get raw subset\n            print(\"Subset - %s\" % j)\n            print(\"*** Raw ***\")\n            subset_raw = subsets[j][i:i+window_size,]\n            print(subset_raw)\n            # 2. Calculate covariance matrix\n            print(\"*** Cov ***\")\n            subset_cov = np.cov(subset_raw, rowvar=False)\n            print(subset_cov)\n            if subset_cov is None:\n                break\n            if subset_cov_sum is None:\n                subset_cov_sum = subset_cov\n            else:\n                subset_cov_sum += subset_cov\n    print(\"------------------Step %s------------------\" % i)\n    # 3. Calculate covariance matrix mean (Element-wise)\n    print(\"*** Cov mean ***\")\n    if subset_cov_sum is None:\n        break\n    allset_cov_mean = subset_cov_sum/len(subsets)\n    print(allset_cov_mean)\n    # 4. Calculate the inverse of covariance matrix mean\n    print(\"*** Inverse Cov mean ***\")\n    allset_cov_mean_inverse = np.linalg.inv(allset_cov_mean)\n    print(allset_cov_mean_inverse)\n    # 5. Calculate weight\n    print(\"*** Weight ***\")\n    allset_cov_mean_inverse_rowsum = np.sum(allset_cov_mean_inverse, axis=1)\n    print(allset_cov_mean_inverse_rowsum)\n    print(\"------------------Step %s------------------\" % i)","metadata":{"trusted":true},"execution_count":13,"outputs":[{"name":"stdout","text":"Step: 0\nSubset - 0\n*** Raw ***\n[[0.44165064 0.13589517 0.3160139 ]\n [0.24513702 0.33953498 0.02633527]\n [0.61109763 0.31423796 0.61340871]\n [0.508474   0.97951417 0.07662894]\n [0.8782208  0.89941664 0.27477742]]\n*** Cov ***\n[[ 0.05425282  0.04760281  0.02482944]\n [ 0.04760281  0.14415282 -0.03270452]\n [ 0.02482944 -0.03270452  0.05411688]]\nSubset - 1\n*** Raw ***\n[[0.13589517 0.3160139  0.95734931]\n [0.33953498 0.02633527 0.01353631]\n [0.31423796 0.61340871 0.18940292]\n [0.97951417 0.07662894 0.75738817]\n [0.89941664 0.27477742 0.55923794]]\n*** Cov ***\n[[ 0.14415282 -0.03270452  0.0292737 ]\n [-0.03270452  0.05411688 -0.00419237]\n [ 0.0292737  -0.00419237  0.15298427]]\nSubset - 2\n*** Raw ***\n[[0.3160139  0.95734931 0.70584854]\n [0.02633527 0.01353631 0.98432537]\n [0.61340871 0.18940292 0.17654108]\n [0.07662894 0.75738817 0.46087482]\n [0.27477742 0.55923794 0.92744484]]\n*** Cov ***\n[[ 0.05411688 -0.00419237 -0.05088587]\n [-0.00419237  0.15298427 -0.005565  ]\n [-0.05088587 -0.005565    0.11294869]]\n------------------Step 0------------------\n*** Cov mean ***\n[[ 0.08417417  0.00356864  0.00107242]\n [ 0.00356864  0.11708466 -0.01415396]\n [ 0.00107242 -0.01415396  0.10668328]]\n*** Inverse Cov mean ***\n[[11.89854906 -0.38326365 -0.17045749]\n [-0.38326365  8.69238766  1.15709545]\n [-0.17045749  1.15709545  9.52876849]]\n*** Weight ***\n[11.34482792  9.46621945 10.51540644]\n------------------Step 0------------------\nStep: 1\nSubset - 0\n*** Raw ***\n[[0.24513702 0.33953498 0.02633527]\n [0.61109763 0.31423796 0.61340871]\n [0.508474   0.97951417 0.07662894]\n [0.8782208  0.89941664 0.27477742]\n [0.54200348 0.86638297 0.07515069]]\n*** Cov ***\n[[ 0.05148688  0.03488586  0.027101  ]\n [ 0.03488586  0.10557229 -0.03397102]\n [ 0.027101   -0.03397102  0.05914662]]\nSubset - 1\n*** Raw ***\n[[0.33953498 0.02633527 0.01353631]\n [0.31423796 0.61340871 0.18940292]\n [0.97951417 0.07662894 0.75738817]\n [0.89941664 0.27477742 0.55923794]\n [0.86638297 0.07515069 0.84154677]]\n*** Cov ***\n[[ 0.10557229 -0.03397102  0.1082377 ]\n [-0.03397102  0.05914662 -0.02801168]\n [ 0.1082377  -0.02801168  0.12891787]]\nSubset - 2\n*** Raw ***\n[[0.02633527 0.01353631 0.98432537]\n [0.61340871 0.18940292 0.17654108]\n [0.07662894 0.75738817 0.46087482]\n [0.27477742 0.55923794 0.92744484]\n [0.07515069 0.84154677 0.16596313]]\n*** Cov ***\n[[ 0.05914662 -0.02801168 -0.03554737]\n [-0.02801168  0.12891787 -0.0570009 ]\n [-0.03554737 -0.0570009   0.15643985]]\n------------------Step 1------------------\n*** Cov mean ***\n[[ 0.0720686  -0.00903228  0.03326378]\n [-0.00903228  0.09787893 -0.0396612 ]\n [ 0.03326378 -0.0396612   0.11483478]]\n*** Inverse Cov mean ***\n[[16.03552706 -0.4678855  -4.80654984]\n [-0.4678855  11.89283274  4.24303239]\n [-4.80654984  4.24303239 11.56590163]]\n*** Weight ***\n[10.76109172 15.66797962 11.00238418]\n------------------Step 1------------------\nStep: 2\nSubset - 0\n*** Raw ***\n[[0.61109763 0.31423796 0.61340871]\n [0.508474   0.97951417 0.07662894]\n [0.8782208  0.89941664 0.27477742]\n [0.54200348 0.86638297 0.07515069]\n [0.863227   0.20950782 0.68509641]]\n*** Cov ***\n[[ 0.03151838 -0.02363189  0.02829303]\n [-0.02363189  0.13107667 -0.10106726]\n [ 0.02829303 -0.10106726  0.08437042]]\nSubset - 1\n*** Raw ***\n[[0.31423796 0.61340871 0.18940292]\n [0.97951417 0.07662894 0.75738817]\n [0.89941664 0.27477742 0.55923794]\n [0.86638297 0.07515069 0.84154677]\n [0.20950782 0.68509641 0.92722771]]\n*** Cov ***\n[[ 0.13107667 -0.10106726  0.02165891]\n [-0.10106726  0.08437042 -0.02586988]\n [ 0.02165891 -0.02586988  0.08633549]]\nSubset - 2\n*** Raw ***\n[[0.61340871 0.18940292 0.17654108]\n [0.07662894 0.75738817 0.46087482]\n [0.27477742 0.55923794 0.92744484]\n [0.07515069 0.84154677 0.16596313]\n [0.68509641 0.92722771 0.14726707]]\n*** Cov ***\n[[ 0.08437042 -0.02586988 -0.03403782]\n [-0.02586988  0.08633549 -0.01317476]\n [-0.03403782 -0.01317476  0.11187813]]\n------------------Step 2------------------\n*** Cov mean ***\n[[ 0.08232183 -0.05018968  0.00530471]\n [-0.05018968  0.1005942  -0.04670397]\n [ 0.00530471 -0.04670397  0.09419468]]\n*** Inverse Cov mean ***\n[[18.93452391 11.62897683  4.69959906]\n [11.62897683 20.05582512  9.28925357]\n [ 4.69959906  9.28925357 14.95747934]]\n*** Weight ***\n[35.2630998  40.97405552 28.94633198]\n------------------Step 2------------------\nStep: 3\nSubset - 0\n*** Raw ***\n[[0.508474   0.97951417 0.07662894]\n [0.8782208  0.89941664 0.27477742]\n [0.54200348 0.86638297 0.07515069]\n [0.863227   0.20950782 0.68509641]\n [0.65724696 0.99691587 0.14795273]]\n*** Cov ***\n[[ 0.03034049 -0.03311136  0.03518162]\n [-0.03311136  0.10837668 -0.07929733]\n [ 0.03518162 -0.07929733  0.06523695]]\nSubset - 1\n*** Raw ***\n[[0.97951417 0.07662894 0.75738817]\n [0.89941664 0.27477742 0.55923794]\n [0.86638297 0.07515069 0.84154677]\n [0.20950782 0.68509641 0.92722771]\n [0.99691587 0.14795273 0.77204327]]\n*** Cov ***\n[[ 0.10837668 -0.07929733 -0.02770882]\n [-0.07929733  0.06523695  0.01316022]\n [-0.02770882  0.01316022  0.01860307]]\nSubset - 2\n*** Raw ***\n[[0.07662894 0.75738817 0.46087482]\n [0.27477742 0.55923794 0.92744484]\n [0.07515069 0.84154677 0.16596313]\n [0.68509641 0.92722771 0.14726707]\n [0.14795273 0.77204327 0.02246748]]\n*** Cov ***\n[[ 0.06523695  0.01316022 -0.00686771]\n [ 0.01316022  0.01860307 -0.04219371]\n [-0.00686771 -0.04219371  0.13196213]]\n------------------Step 3------------------\n*** Cov mean ***\n[[ 0.06798471 -0.03308282  0.00020169]\n [-0.03308282  0.06407223 -0.03611027]\n [ 0.00020169 -0.03611027  0.07193405]]\n*** Inverse Cov mean ***\n[[22.56905979 16.20111073  8.0695367 ]\n [16.20111073 33.39496797 16.71855965]\n [ 8.0695367  16.71855965 22.27156894]]\n*** Weight ***\n[46.83970721 66.31463835 47.05966529]\n------------------Step 3------------------\nStep: 4\nSubset - 0\n*** Raw ***\n[[0.8782208  0.89941664 0.27477742]\n [0.54200348 0.86638297 0.07515069]\n [0.863227   0.20950782 0.68509641]\n [0.65724696 0.99691587 0.14795273]\n [0.39205626 0.18273275 0.71251297]]\n*** Cov ***\n[[ 0.04360789  0.01606111 -0.00335329]\n [ 0.01606111  0.15998656 -0.11564002]\n [-0.00335329 -0.11564002  0.09037386]]\nSubset - 1\n*** Raw ***\n[[0.89941664 0.27477742 0.55923794]\n [0.86638297 0.07515069 0.84154677]\n [0.20950782 0.68509641 0.92722771]\n [0.99691587 0.14795273 0.77204327]\n [0.18273275 0.71251297 0.27630306]]\n*** Cov ***\n[[ 0.15998656 -0.11564002  0.02901257]\n [-0.11564002  0.09037386 -0.0291816 ]\n [ 0.02901257 -0.0291816   0.06828344]]\nSubset - 2\n*** Raw ***\n[[0.27477742 0.55923794 0.92744484]\n [0.07515069 0.84154677 0.16596313]\n [0.68509641 0.92722771 0.14726707]\n [0.14795273 0.77204327 0.02246748]\n [0.71251297 0.27630306 0.33365591]]\n*** Cov ***\n[[ 0.09037386 -0.0291816   0.0009801 ]\n [-0.0291816   0.06828344 -0.04346467]\n [ 0.0009801  -0.04346467  0.12781582]]\n------------------Step 4------------------\n*** Cov mean ***\n[[ 0.09798944 -0.04292017  0.00887979]\n [-0.04292017  0.10621462 -0.0627621 ]\n [ 0.00887979 -0.0627621   0.09549104]]\n*** Inverse Cov mean ***\n[[13.15879655  7.5115501   3.71336647]\n [ 7.5115501  19.68106334 12.23699885]\n [ 3.71336647 12.23699885 18.16972268]]\n*** Weight ***\n[24.38371312 39.42961229 34.120088  ]\n------------------Step 4------------------\nStep: 5\nSubset - 0\n*** Raw ***\n[[0.54200348 0.86638297 0.07515069]\n [0.863227   0.20950782 0.68509641]\n [0.65724696 0.99691587 0.14795273]\n [0.39205626 0.18273275 0.71251297]\n [0.03099494 0.51657958 0.29185079]]\n*** Cov ***\n[[ 0.09750012  0.00381799  0.01675297]\n [ 0.00381799  0.1379178  -0.1058171 ]\n [ 0.01675297 -0.1058171   0.08954161]]\nSubset - 1\n*** Raw ***\n[[0.86638297 0.07515069 0.84154677]\n [0.20950782 0.68509641 0.92722771]\n [0.99691587 0.14795273 0.77204327]\n [0.18273275 0.71251297 0.27630306]\n [0.51657958 0.29185079 0.94167627]]\n*** Cov ***\n[[ 0.1379178  -0.1058171   0.03649981]\n [-0.1058171   0.08954161 -0.03834503]\n [ 0.03649981 -0.03834503  0.07534737]]\nSubset - 2\n*** Raw ***\n[[0.07515069 0.84154677 0.16596313]\n [0.68509641 0.92722771 0.14726707]\n [0.14795273 0.77204327 0.02246748]\n [0.71251297 0.27630306 0.33365591]\n [0.29185079 0.94167627 0.59857266]]\n*** Cov ***\n[[ 0.08954161 -0.03834503  0.01102967]\n [-0.03834503  0.07534737 -0.00094049]\n [ 0.01102967 -0.00094049  0.04945606]]\n------------------Step 5------------------\n*** Cov mean ***\n[[ 0.10831984 -0.04678138  0.02142748]\n [-0.04678138  0.10093559 -0.04836754]\n [ 0.02142748 -0.04836754  0.07144835]]\n*** Inverse Cov mean ***\n[[11.54502022  5.46429529  0.23672772]\n [ 5.46429529 17.25057422 10.03916489]\n [ 0.23672772 10.03916489 20.72122425]]\n*** Weight ***\n[17.24604322 32.7540344  30.99711686]\n------------------Step 5------------------\nStep: 6\n------------------Step 6------------------\n*** Cov mean ***\n","output_type":"stream"}]},{"cell_type":"markdown","source":"### 计算R(n)的估计\n$ \\hat{R}(n)=\\frac{1}{(2K+1)(M-L+1)}\\sum_{k=-K}^K\\sum_{l=0}^{M-L}\\bar{X_l}(n-k)\\bar{X_l}(n-k)^{H} $","metadata":{}}]}