{
 "cells": [
  {
   "cell_type": "markdown",
   "metadata": {},
   "source": [
    "# Simulated MVB"
   ]
  },
  {
   "cell_type": "markdown",
   "metadata": {},
   "source": [
    "参考论文：<br>\n",
    "https://www.researchgate.net/publication/6135459_Adaptive_Beamforming_Applied_to_Medical_Ultrasound_Imaging <br>\n",
    "https://iopscience.iop.org/article/10.1088/1681-7575/aad146"
   ]
  },
  {
   "cell_type": "markdown",
   "metadata": {},
   "source": [
    "### 1. 读取模拟钟组数据"
   ]
  },
  {
   "cell_type": "code",
   "execution_count": 1,
   "metadata": {},
   "outputs": [],
   "source": [
    "import numpy as np\n",
    "with open('simulated_data.npy', 'rb') as f:\n",
    "    simulated_data = np.load(f)"
   ]
  },
  {
   "cell_type": "code",
   "execution_count": 2,
   "metadata": {},
   "outputs": [
    {
     "name": "stdout",
     "output_type": "stream",
     "text": [
      "Data shape: (5, 2591999)\n",
      "[ 6.74103088e-15 -9.08189058e-15 -2.18835111e-13 ... -1.40933421e-13\n",
      "  1.55301270e-13 -9.65753131e-14]\n"
     ]
    }
   ],
   "source": [
    "print(\"Data shape: \" + str(simulated_data.shape))  # 5 * (86400 * 30 -1)\n",
    "print(simulated_data[0,:])"
   ]
  },
  {
   "cell_type": "markdown",
   "metadata": {},
   "source": [
    "### 2. 使用MVB合成钟组"
   ]
  },
  {
   "cell_type": "code",
   "execution_count": 3,
   "metadata": {},
   "outputs": [
    {
     "name": "stdout",
     "output_type": "stream",
     "text": [
      "Requirement already satisfied: allantools in /usr/local/lib64/python3.6/site-packages (2019.9)\n",
      "Requirement already satisfied: numpy in /usr/local/lib64/python3.6/site-packages (from allantools) (1.16.4)\n",
      "Requirement already satisfied: scipy in /usr/local/lib64/python3.6/site-packages (from allantools) (1.2.0)\n",
      "\u001b[33mWARNING: You are using pip version 19.1.1, however version 20.1.1 is available.\n",
      "You should consider upgrading via the 'pip install --upgrade pip' command.\u001b[0m\n"
     ]
    }
   ],
   "source": [
    "# https://allantools.readthedocs.io/en/latest/functions.html\n",
    "!pip install allantools\n",
    "import allantools"
   ]
  },
  {
   "cell_type": "code",
   "execution_count": 4,
   "metadata": {},
   "outputs": [],
   "source": [
    "import matplotlib.pyplot as plt\n",
    "%matplotlib inline\n",
    "y_t = simulated_data.T"
   ]
  },
  {
   "cell_type": "code",
   "execution_count": 5,
   "metadata": {},
   "outputs": [],
   "source": [
    "subset_size = 3\n",
    "clock_size = y_t.shape[1]\n",
    "\n",
    "if subset_size > clock_size:\n",
    "    raise Exception('The subset size should not be greater than the number of clocks')"
   ]
  },
  {
   "cell_type": "code",
   "execution_count": 6,
   "metadata": {},
   "outputs": [
    {
     "name": "stdout",
     "output_type": "stream",
     "text": [
      "------------------Step 0------------------\n",
      "*** Raw sum ***\n",
      "[ 2.15138413e-13 -2.76105251e-14 -2.96313088e-13 ... -2.03623872e-13\n",
      "  2.27177116e-13 -1.70888478e-13]\n",
      "*** Raw sum ***\n",
      "[ 1.68698301e-13  4.44202802e-14  1.79125557e-13 ... -5.23564590e-14\n",
      "  4.42191113e-14 -2.53002923e-13]\n",
      "*** Raw sum ***\n",
      "[-1.02561525e-14  9.07567627e-14  2.00940558e-13 ... -1.56972647e-13\n",
      " -1.01850764e-13 -6.99031175e-14]\n",
      "*** Cov mean ***\n",
      "[[7.79636338e-27 5.18557942e-27 2.58659428e-27]\n",
      " [5.18557942e-27 7.77286411e-27 5.19040975e-27]\n",
      " [2.58659428e-27 5.19040975e-27 7.78094284e-27]]\n",
      "*** Corr ***\n",
      "[[1.         0.66613264 0.33209793]\n",
      " [0.66613264 1.         0.66741351]\n",
      " [0.33209793 0.66741351 1.        ]]\n",
      "*** Regularization term ***\n",
      "[[1.55927268e-28 0.00000000e+00 0.00000000e+00]\n",
      " [0.00000000e+00 1.55927268e-28 0.00000000e+00]\n",
      " [0.00000000e+00 0.00000000e+00 1.55927268e-28]]\n",
      "*** Inverse Cov mean ***\n",
      "[[ 2.26398999e+26 -1.74452553e+26  4.03027729e+25]\n",
      " [-1.74452553e+26  3.54958375e+26 -1.75275822e+26]\n",
      " [ 4.03027729e+25 -1.75275822e+26  2.27483427e+26]]\n",
      "*** Weight ***\n",
      "[[0.48554879]\n",
      " [0.02752782]\n",
      " [0.48692339]]\n",
      "*** Weighted output ***\n",
      "[ 3.47033777e-14  1.06693755e-14 -1.37002895e-14 ... -5.89147457e-14\n",
      "  2.06431038e-14 -4.13255921e-14]\n",
      "*** Inverse variance weight ***\n",
      "[0.19983104 0.19986035 0.20016207 0.19996721 0.20017932]\n",
      "*** Inverse variance weighted clock ***\n",
      "7.364503833136937e-15\n",
      "------------------Step 1------------------\n",
      "*** Raw sum ***\n",
      "[-2.76105251e-14 -2.96313088e-13  1.60463371e-13 ...  2.27177116e-13\n",
      " -1.70888478e-13  3.16908893e-15]\n",
      "*** Raw sum ***\n",
      "[ 4.44202802e-14  1.79125557e-13  1.37405325e-13 ...  4.42191113e-14\n",
      " -2.53002923e-13  1.23334773e-13]\n",
      "*** Raw sum ***\n",
      "[ 9.07567627e-14  2.00940558e-13 -2.98718452e-14 ... -1.01850764e-13\n",
      " -6.99031175e-14 -3.92045053e-14]\n",
      "*** Cov mean ***\n",
      "[[7.79634875e-27 5.18556911e-27 2.58659990e-27]\n",
      " [5.18556911e-27 7.77286037e-27 5.19040997e-27]\n",
      " [2.58659990e-27 5.19040997e-27 7.78094465e-27]]\n",
      "*** Corr ***\n",
      "[[1.         0.6661321  0.33209892]\n",
      " [0.6661321  1.         0.66741362]\n",
      " [0.33209892 0.66741362 1.        ]]\n",
      "*** Regularization term ***\n",
      "[[1.55926975e-28 0.00000000e+00 0.00000000e+00]\n",
      " [0.00000000e+00 1.55926975e-28 0.00000000e+00]\n",
      " [0.00000000e+00 0.00000000e+00 1.55926975e-28]]\n",
      "*** Inverse Cov mean ***\n",
      "[[ 2.26398971e+26 -1.74451987e+26  4.03022489e+25]\n",
      " [-1.74451987e+26  3.54957698e+26 -1.75275417e+26]\n",
      " [ 4.03022489e+25 -1.75275417e+26  2.27483266e+26]]\n",
      "*** Weight ***\n",
      "[[0.48554879]\n",
      " [0.02752937]\n",
      " [0.48692184]]\n",
      "*** Weighted output ***\n",
      "[ 1.06693516e-14 -1.37003009e-14  2.23834079e-14 ...  2.06431791e-14\n",
      " -4.13256864e-14 -4.71848472e-15]\n",
      "*** Inverse variance weight ***\n",
      "[0.19983346 0.19975251 0.20011492 0.20003462 0.20026449]\n",
      "*** Inverse variance weighted clock ***\n",
      "1.462611513252939e-14\n",
      "------------------Step 2------------------\n",
      "*** Raw sum ***\n",
      "[-2.96313088e-13  1.60463371e-13  2.36810811e-13 ... -1.70888478e-13\n",
      "  3.16908893e-15 -1.13310183e-13]\n",
      "*** Raw sum ***\n",
      "[ 1.79125557e-13  1.37405325e-13  2.61508344e-13 ... -2.53002923e-13\n",
      "  1.23334773e-13 -2.44395358e-14]\n",
      "*** Raw sum ***\n",
      "[ 2.00940558e-13 -2.98718452e-14  2.32939288e-13 ... -6.99031175e-14\n",
      " -3.92045053e-14  3.95408847e-14]\n",
      "*** Cov mean ***\n",
      "[[7.79635471e-27 5.18557248e-27 2.58660139e-27]\n",
      " [5.18557248e-27 7.77286192e-27 5.19041031e-27]\n",
      " [2.58660139e-27 5.19041031e-27 7.78094430e-27]]\n",
      "*** Corr ***\n",
      "[[1.         0.66613221 0.33209899]\n",
      " [0.66613221 1.         0.66741361]\n",
      " [0.33209899 0.66741361 1.        ]]\n",
      "*** Regularization term ***\n",
      "[[1.55927094e-28 0.00000000e+00 0.00000000e+00]\n",
      " [0.00000000e+00 1.55927094e-28 0.00000000e+00]\n",
      " [0.00000000e+00 0.00000000e+00 1.55927094e-28]]\n",
      "*** Inverse Cov mean ***\n",
      "[[ 2.26398852e+26 -1.74451963e+26  4.03022384e+25]\n",
      " [-1.74451963e+26  3.54957678e+26 -1.75275399e+26]\n",
      " [ 4.03022384e+25 -1.75275399e+26  2.27483264e+26]]\n",
      "*** Weight ***\n",
      "[[0.48554844]\n",
      " [0.02752949]\n",
      " [0.48692207]]\n",
      "*** Weighted output ***\n",
      "[-1.37002428e-14  2.23833922e-14  7.85351973e-14 ... -4.13256819e-14\n",
      " -4.71848307e-15 -1.21456870e-14]\n",
      "*** Inverse variance weight ***\n",
      "[0.19973127 0.19979726 0.20027914 0.20007773 0.20011461]\n",
      "*** Inverse variance weighted clock ***\n",
      "1.266372950724942e-13\n",
      "------------------Step 3------------------\n",
      "*** Raw sum ***\n",
      "[ 1.60463371e-13  2.36810811e-13  6.47423775e-15 ...  3.16908893e-15\n",
      " -1.13310183e-13 -1.02870044e-13]\n",
      "*** Raw sum ***\n",
      "[ 1.37405325e-13  2.61508344e-13  5.24345898e-14 ...  1.23334773e-13\n",
      " -2.44395358e-14 -2.96416645e-14]\n",
      "*** Raw sum ***\n",
      "[-2.98718452e-14  2.32939288e-13 -1.30070874e-13 ... -3.92045053e-14\n",
      "  3.95408847e-14 -4.28861922e-14]\n",
      "*** Cov mean ***\n",
      "[[7.79632198e-27 5.18559279e-27 2.58662372e-27]\n",
      " [5.18559279e-27 7.77285620e-27 5.19040513e-27]\n",
      " [2.58662372e-27 5.19040513e-27 7.78094002e-27]]\n",
      "*** Corr ***\n",
      "[[1.         0.66613647 0.33210265]\n",
      " [0.66613647 1.         0.66741338]\n",
      " [0.33210265 0.66741338 1.        ]]\n",
      "*** Regularization term ***\n",
      "[[1.5592644e-28 0.0000000e+00 0.0000000e+00]\n",
      " [0.0000000e+00 1.5592644e-28 0.0000000e+00]\n",
      " [0.0000000e+00 0.0000000e+00 1.5592644e-28]]\n",
      "*** Inverse Cov mean ***\n",
      "[[ 2.26401890e+26 -1.74454687e+26  4.03023041e+25]\n",
      " [-1.74454687e+26  3.54960156e+26 -1.75275518e+26]\n",
      " [ 4.03023041e+25 -1.75275518e+26  2.27483235e+26]]\n",
      "*** Weight ***\n",
      "[[0.48555061]\n",
      " [0.02752758]\n",
      " [0.48692181]]\n",
      "*** Weighted output ***\n",
      "[ 2.23834235e-14  7.85351819e-14 -1.95824595e-14 ... -4.71855606e-15\n",
      " -1.21457570e-14 -2.38822661e-14]\n",
      "*** Inverse variance weight ***\n",
      "[0.19985151 0.19973676 0.20015061 0.20017797 0.20008315]\n",
      "*** Inverse variance weighted clock ***\n",
      "3.821809461500537e-14\n",
      "------------------Step 4------------------\n",
      "*** Raw sum ***\n",
      "[ 2.36810811e-13  6.47423775e-15 -1.09715699e-14 ... -1.13310183e-13\n",
      " -1.02870044e-13  3.88848993e-14]\n",
      "*** Raw sum ***\n",
      "[ 2.61508344e-13  5.24345898e-14 -3.33444202e-14 ... -2.44395358e-14\n",
      " -2.96416645e-14 -3.91213657e-14]\n",
      "*** Raw sum ***\n",
      "[ 2.32939288e-13 -1.30070874e-13 -4.66132385e-14 ...  3.95408847e-14\n",
      " -4.28861922e-14  3.04512669e-14]\n",
      "*** Cov mean ***\n",
      "[[7.79631448e-27 5.18558688e-27 2.58662820e-27]\n",
      " [5.18558688e-27 7.77285484e-27 5.19040918e-27]\n",
      " [2.58662820e-27 5.19040918e-27 7.78093741e-27]]\n",
      "*** Corr ***\n",
      "[[1.         0.66613609 0.33210344]\n",
      " [0.66613609 1.         0.66741407]\n",
      " [0.33210344 0.66741407 1.        ]]\n",
      "*** Regularization term ***\n",
      "[[1.5592629e-28 0.0000000e+00 0.0000000e+00]\n",
      " [0.0000000e+00 1.5592629e-28 0.0000000e+00]\n",
      " [0.0000000e+00 0.0000000e+00 1.5592629e-28]]\n",
      "*** Inverse Cov mean ***\n",
      "[[ 2.26401841e+26 -1.74454419e+26  4.03021197e+25]\n",
      " [-1.74454419e+26  3.54960159e+26 -1.75275751e+26]\n",
      " [ 4.03021197e+25 -1.75275751e+26  2.27483592e+26]]\n",
      "*** Weight ***\n",
      "[[0.48555076]\n",
      " [0.02752778]\n",
      " [0.48692146]]\n",
      "*** Weighted output ***\n",
      "[ 7.85351840e-14 -1.95824405e-14 -9.64737940e-15 ... -1.21457687e-14\n",
      " -2.38822681e-14  1.08770145e-14]\n",
      "*** Inverse variance weight ***\n",
      "[0.19979422 0.1997346  0.20013622 0.20035655 0.19997841]\n",
      "*** Inverse variance weighted clock ***\n",
      "-6.729175160559741e-14\n",
      "------------------Step 5------------------\n",
      "*** Raw sum ***\n",
      "[ 6.47423775e-15 -1.09715699e-14  2.15230907e-13 ... -1.02870044e-13\n",
      "  3.88848993e-14  7.55361614e-14]\n",
      "*** Raw sum ***\n",
      "[ 5.24345898e-14 -3.33444202e-14  4.24986913e-13 ... -2.96416645e-14\n",
      " -3.91213657e-14  2.49176537e-13]\n",
      "*** Raw sum ***\n",
      "[-1.30070874e-13 -4.66132385e-14  3.77399484e-13 ... -4.28861922e-14\n",
      "  3.04512669e-14  1.96071095e-14]\n",
      "*** Cov mean ***\n",
      "[[7.79629749e-27 5.18557278e-27 2.58661262e-27]\n",
      " [5.18557278e-27 7.77285279e-27 5.19039105e-27]\n",
      " [2.58661262e-27 5.19039105e-27 7.78092589e-27]]\n",
      "*** Corr ***\n",
      "[[1.         0.66613509 0.33210205]\n",
      " [0.66613509 1.         0.66741232]\n",
      " [0.33210205 0.66741232 1.        ]]\n",
      "*** Regularization term ***\n",
      "[[1.5592595e-28 0.0000000e+00 0.0000000e+00]\n",
      " [0.0000000e+00 1.5592595e-28 0.0000000e+00]\n",
      " [0.0000000e+00 0.0000000e+00 1.5592595e-28]]\n",
      "*** Inverse Cov mean ***\n",
      "[[ 2.26401737e+26 -1.74453688e+26  4.03017821e+25]\n",
      " [-1.74453688e+26  3.54958305e+26 -1.75274571e+26]\n",
      " [ 4.03017821e+25 -1.75274571e+26  2.27482950e+26]]\n",
      "*** Weight ***\n",
      "[[0.48555088]\n",
      " [0.027528  ]\n",
      " [0.48692111]]\n",
      "*** Weighted output ***\n",
      "[-1.95824213e-14 -9.64737691e-15  9.99894584e-14 ... -2.38822697e-14\n",
      "  1.08770097e-14  1.76943659e-14]\n",
      "*** Inverse variance weight ***\n",
      "[0.19972746 0.19987765 0.2000646  0.20054157 0.19978872]\n",
      "*** Inverse variance weighted clock ***\n",
      "2.318601608856667e-14\n",
      "------------------Step 6------------------\n",
      "*** Raw sum ***\n",
      "[-1.09715699e-14  2.15230907e-13  1.05209029e-13 ...  3.88848993e-14\n",
      "  7.55361614e-14 -1.97620425e-13]\n",
      "*** Raw sum ***\n",
      "[-3.33444202e-14  4.24986913e-13 -8.88213297e-14 ... -3.91213657e-14\n",
      "  2.49176537e-13 -1.41907030e-13]\n",
      "*** Raw sum ***\n",
      "[-4.66132385e-14  3.77399484e-13 -1.12308965e-13 ...  3.04512669e-14\n",
      "  1.96071095e-14 -2.23523465e-13]\n",
      "*** Cov mean ***\n",
      "[[7.79631565e-27 5.18558803e-27 2.58663512e-27]\n",
      " [5.18558803e-27 7.77286537e-27 5.19041155e-27]\n",
      " [2.58663512e-27 5.19041155e-27 7.78094269e-27]]\n",
      "*** Corr ***\n",
      "[[1.         0.66613573 0.33210419]\n",
      " [0.66613573 1.         0.66741369]\n",
      " [0.33210419 0.66741369 1.        ]]\n",
      "*** Regularization term ***\n",
      "[[1.55926313e-28 0.00000000e+00 0.00000000e+00]\n",
      " [0.00000000e+00 1.55926313e-28 0.00000000e+00]\n",
      " [0.00000000e+00 0.00000000e+00 1.55926313e-28]]\n",
      "*** Inverse Cov mean ***\n",
      "[[ 2.26401448e+26 -1.74453592e+26  4.03015349e+25]\n",
      " [-1.74453592e+26  3.54958646e+26 -1.75274868e+26]\n",
      " [ 4.03015349e+25 -1.75274868e+26  2.27483071e+26]]\n",
      "*** Weight ***\n",
      "[[0.48555042]\n",
      " [0.02752884]\n",
      " [0.48692074]]\n",
      "*** Weighted output ***\n",
      "[-9.64737875e-15  9.99894970e-14 -2.01547504e-15 ...  1.08769889e-14\n",
      "  1.76944214e-14 -6.95664757e-14]\n",
      "*** Inverse variance weight ***\n",
      "[0.19981165 0.20001604 0.19997698 0.20037472 0.19982061]\n",
      "*** Inverse variance weighted clock ***\n",
      "1.0440281083516438e-14\n",
      "------------------Step 7------------------\n",
      "*** Raw sum ***\n",
      "[ 2.15230907e-13  1.05209029e-13 -3.50476842e-14 ...  7.55361614e-14\n",
      " -1.97620425e-13  2.60956951e-13]\n",
      "*** Raw sum ***\n",
      "[ 4.24986913e-13 -8.88213297e-14 -7.07889603e-14 ...  2.49176537e-13\n",
      " -1.41907030e-13  9.54635830e-14]\n",
      "*** Raw sum ***\n",
      "[ 3.77399484e-13 -1.12308965e-13  1.79989681e-14 ...  1.96071095e-14\n",
      " -2.23523465e-13 -1.06848468e-14]\n",
      "*** Cov mean ***\n",
      "[[7.79633774e-27 5.18559241e-27 2.58662767e-27]\n",
      " [5.18559241e-27 7.77286456e-27 5.19040722e-27]\n",
      " [2.58662767e-27 5.19040722e-27 7.78094034e-27]]\n",
      "*** Corr ***\n",
      "[[1.         0.66613539 0.33210281]\n",
      " [0.66613539 1.         0.66741327]\n",
      " [0.33210281 0.66741327 1.        ]]\n",
      "*** Regularization term ***\n",
      "[[1.55926755e-28 0.00000000e+00 0.00000000e+00]\n",
      " [0.00000000e+00 1.55926755e-28 0.00000000e+00]\n",
      " [0.00000000e+00 0.00000000e+00 1.55926755e-28]]\n",
      "*** Inverse Cov mean ***\n",
      "[[ 2.26400728e+26 -1.74453377e+26  4.03017558e+25]\n",
      " [-1.74453377e+26  3.54958524e+26 -1.75274870e+26]\n",
      " [ 4.03017558e+25 -1.75274870e+26  2.27482997e+26]]\n",
      "*** Weight ***\n",
      "[[0.48554905]\n",
      " [0.02752932]\n",
      " [0.48692163]]\n",
      "*** Weighted output ***\n",
      "[ 9.99895787e-14 -2.01557063e-15 -3.40068501e-15 ...  1.76944329e-14\n",
      " -6.95664744e-14  4.13775880e-14]\n",
      "*** Inverse variance weight ***\n",
      "[0.19982568 0.20004169 0.1999058  0.20030393 0.1999229 ]\n",
      "*** Inverse variance weighted clock ***\n",
      "6.549458747714574e-14\n",
      "------------------Step 8------------------\n",
      "*** Raw sum ***\n",
      "[ 1.05209029e-13 -3.50476842e-14  1.86191508e-14 ... -1.97620425e-13\n",
      "  2.60956951e-13  8.13660809e-14]\n",
      "*** Raw sum ***\n",
      "[-8.88213297e-14 -7.07889603e-14 -1.99234092e-13 ... -1.41907030e-13\n",
      "  9.54635830e-14  9.17707361e-14]\n",
      "*** Raw sum ***\n",
      "[-1.12308965e-13  1.79989681e-14 -2.13079539e-13 ... -2.23523465e-13\n",
      " -1.06848468e-14  3.13876091e-13]\n",
      "*** Cov mean ***\n",
      "[[7.79632446e-27 5.18556456e-27 2.58660958e-27]\n",
      " [5.18556456e-27 7.77280821e-27 5.19036465e-27]\n",
      " [2.58660958e-27 5.19036465e-27 7.78092615e-27]]\n",
      "*** Corr ***\n",
      "[[1.         0.66613479 0.33210108]\n",
      " [0.66613479 1.         0.66741083]\n",
      " [0.33210108 0.66741083 1.        ]]\n",
      "*** Regularization term ***\n",
      "[[1.55926489e-28 0.00000000e+00 0.00000000e+00]\n",
      " [0.00000000e+00 1.55926489e-28 0.00000000e+00]\n",
      " [0.00000000e+00 0.00000000e+00 1.55926489e-28]]\n",
      "*** Inverse Cov mean ***\n",
      "[[ 2.26400701e+26 -1.74453369e+26  4.03014133e+25]\n",
      " [-1.74453369e+26  3.54958874e+26 -1.75273915e+26]\n",
      " [ 4.03014133e+25 -1.75273915e+26  2.27482050e+26]]\n",
      "*** Weight ***\n",
      "[[0.48554556]\n",
      " [0.02753615]\n",
      " [0.48691829]]\n",
      "*** Weighted output ***\n",
      "[-2.01576971e-15 -3.40082542e-15 -3.33993392e-14 ... -6.95663188e-14\n",
      "  4.13775141e-14  6.49553203e-14]\n",
      "*** Inverse variance weight ***\n",
      "[0.19991638 0.20013727 0.19974549 0.20020035 0.20000051]\n",
      "*** Inverse variance weighted clock ***\n",
      "8.212308012144306e-14\n",
      "------------------Step 9------------------\n",
      "*** Raw sum ***\n",
      "[-3.50476842e-14  1.86191508e-14 -1.80713914e-13 ...  2.60956951e-13\n",
      "  8.13660809e-14  3.77095567e-13]\n",
      "*** Raw sum ***\n",
      "[-7.07889603e-14 -1.99234092e-13 -1.59018460e-13 ...  9.54635830e-14\n",
      "  9.17707361e-14  2.40238253e-13]\n",
      "*** Raw sum ***\n",
      "[ 1.79989681e-14 -2.13079539e-13 -1.73302896e-13 ... -1.06848468e-14\n",
      "  3.13876091e-13  9.64883712e-14]\n",
      "*** Cov mean ***\n",
      "[[7.79637091e-27 5.18559650e-27 2.58662069e-27]\n",
      " [5.18559650e-27 7.77281748e-27 5.19035944e-27]\n",
      " [2.58662069e-27 5.19035944e-27 7.78091582e-27]]\n",
      "*** Corr ***\n",
      "[[1.         0.66613651 0.33210173]\n",
      " [0.66613651 1.         0.6674102 ]\n",
      " [0.33210173 0.6674102  1.        ]]\n",
      "*** Regularization term ***\n",
      "[[1.55927418e-28 0.00000000e+00 0.00000000e+00]\n",
      " [0.00000000e+00 1.55927418e-28 0.00000000e+00]\n",
      " [0.00000000e+00 0.00000000e+00 1.55927418e-28]]\n",
      "*** Inverse Cov mean ***\n",
      "[[ 2.26400224e+26 -1.74453719e+26  4.03014140e+25]\n",
      " [-1.74453719e+26  3.54959065e+26 -1.75273657e+26]\n",
      " [ 4.03014140e+25 -1.75273657e+26  2.27481979e+26]]\n",
      "*** Weight ***\n",
      "[[0.48554259]\n",
      " [0.02753675]\n",
      " [0.48692066]]\n",
      "*** Weighted output ***\n",
      "[-3.40079066e-15 -3.33995659e-14 -5.88359714e-14 ...  4.13772663e-14\n",
      "  6.49555061e-14  7.88978404e-14]\n",
      "*** Inverse variance weight ***\n",
      "[0.19994945 0.20017683 0.19978456 0.20011021 0.19997895]\n",
      "*** Inverse variance weighted clock ***\n",
      "2.400446116202321e-14\n",
      "------------------Step 10------------------\n",
      "*** Raw sum ***\n",
      "[ 1.86191508e-14 -1.80713914e-13  2.35432227e-14 ...  8.13660809e-14\n",
      "  3.77095567e-13 -3.33307128e-14]\n",
      "*** Raw sum ***\n",
      "[-1.99234092e-13 -1.59018460e-13 -2.31602226e-14 ...  9.17707361e-14\n",
      "  2.40238253e-13 -1.68994167e-13]\n",
      "*** Raw sum ***\n",
      "[-2.13079539e-13 -1.73302896e-13 -1.07414918e-13 ...  3.13876091e-13\n",
      "  9.64883712e-14 -4.18039459e-14]\n",
      "*** Cov mean ***\n",
      "[[7.79637084e-27 5.18559844e-27 2.58662188e-27]\n",
      " [5.18559844e-27 7.77282953e-27 5.19036570e-27]\n",
      " [2.58662188e-27 5.19036570e-27 7.78091896e-27]]\n",
      "*** Corr ***\n",
      "[[1.         0.66613625 0.33210182]\n",
      " [0.66613625 1.         0.66741035]\n",
      " [0.33210182 0.66741035 1.        ]]\n",
      "*** Regularization term ***\n",
      "[[1.55927417e-28 0.00000000e+00 0.00000000e+00]\n",
      " [0.00000000e+00 1.55927417e-28 0.00000000e+00]\n",
      " [0.00000000e+00 0.00000000e+00 1.55927417e-28]]\n",
      "*** Inverse Cov mean ***\n",
      "[[ 2.26400075e+26 -1.74453393e+26  4.03013364e+25]\n",
      " [-1.74453393e+26  3.54958396e+26 -1.75273510e+26]\n",
      " [ 4.03013364e+25 -1.75273510e+26  2.27481950e+26]]\n",
      "*** Weight ***\n",
      "[[0.48554326]\n",
      " [0.02753573]\n",
      " [0.48692101]]\n",
      "*** Weighted output ***\n",
      "[-3.33995192e-14 -5.88359779e-14 -1.38363537e-14 ...  6.49555300e-14\n",
      "  7.88978538e-14 -1.37307002e-14]\n",
      "*** Inverse variance weight ***\n",
      "[0.20008495 0.20006044 0.19977018 0.2001115  0.19997294]\n",
      "*** Inverse variance weighted clock ***\n",
      "-1.542334525772807e-14\n",
      "------------------Step 11------------------\n",
      "*** Raw sum ***\n",
      "[-1.80713914e-13  2.35432227e-14  2.55766892e-13 ...  3.77095567e-13\n",
      " -3.33307128e-14 -6.41772103e-14]\n",
      "*** Raw sum ***\n",
      "[-1.59018460e-13 -2.31602226e-14  1.76891456e-13 ...  2.40238253e-13\n",
      " -1.68994167e-13 -8.74309267e-14]\n",
      "*** Raw sum ***\n",
      "[-1.73302896e-13 -1.07414918e-13  9.61218648e-14 ...  9.64883712e-14\n",
      " -4.18039459e-14  3.10810979e-14]\n",
      "*** Cov mean ***\n",
      "[[7.79637356e-27 5.18560244e-27 2.58662259e-27]\n",
      " [5.18560244e-27 7.77281379e-27 5.19034215e-27]\n",
      " [2.58662259e-27 5.19034215e-27 7.78089122e-27]]\n",
      "*** Corr ***\n",
      "[[1.         0.66613732 0.33210245]\n",
      " [0.66613732 1.         0.66740919]\n",
      " [0.33210245 0.66740919 1.        ]]\n",
      "*** Regularization term ***\n",
      "[[1.55927471e-28 0.00000000e+00 0.00000000e+00]\n",
      " [0.00000000e+00 1.55927471e-28 0.00000000e+00]\n",
      " [0.00000000e+00 0.00000000e+00 1.55927471e-28]]\n",
      "*** Inverse Cov mean ***\n",
      "[[ 2.26400427e+26 -1.74453804e+26  4.03010936e+25]\n",
      " [-1.74453804e+26  3.54958662e+26 -1.75273093e+26]\n",
      " [ 4.03010936e+25 -1.75273093e+26  2.27482027e+26]]\n",
      "*** Weight ***\n",
      "[[0.48554111]\n",
      " [0.02753713]\n",
      " [0.48692176]]\n",
      "*** Weighted output ***\n",
      "[-5.88359659e-14 -1.38364083e-14  5.86200836e-14 ...  7.88977195e-14\n",
      " -1.37307655e-14 -6.14473581e-15]\n",
      "*** Inverse variance weight ***\n",
      "[0.19997342 0.20016184 0.19994288 0.20007213 0.19984973]\n",
      "*** Inverse variance weighted clock ***\n",
      "-6.225461271678574e-14\n",
      "------------------Step 12------------------\n",
      "*** Raw sum ***\n",
      "[ 2.35432227e-14  2.55766892e-13 -3.12992483e-14 ... -3.33307128e-14\n",
      " -6.41772103e-14 -4.87201002e-14]\n",
      "*** Raw sum ***\n",
      "[-2.31602226e-14  1.76891456e-13 -5.00668435e-14 ... -1.68994167e-13\n",
      " -8.74309267e-14 -1.64022797e-13]\n",
      "*** Raw sum ***\n",
      "[-1.07414918e-13  9.61218648e-14 -3.09255286e-14 ... -4.18039459e-14\n",
      "  3.10810979e-14 -1.97068878e-14]\n",
      "*** Cov mean ***\n",
      "[[7.79635987e-27 5.18559248e-27 2.58660684e-27]\n",
      " [5.18559248e-27 7.77281456e-27 5.19033055e-27]\n",
      " [2.58660684e-27 5.19033055e-27 7.78087312e-27]]\n",
      "*** Corr ***\n",
      "[[1.         0.66613659 0.3321011 ]\n",
      " [0.66613659 1.         0.66740844]\n",
      " [0.3321011  0.66740844 1.        ]]\n",
      "*** Regularization term ***\n",
      "[[1.55927197e-28 0.00000000e+00 0.00000000e+00]\n",
      " [0.00000000e+00 1.55927197e-28 0.00000000e+00]\n",
      " [0.00000000e+00 0.00000000e+00 1.55927197e-28]]\n",
      "*** Inverse Cov mean ***\n",
      "[[ 2.26400495e+26 -1.74453565e+26  4.03012031e+25]\n",
      " [-1.74453565e+26  3.54957875e+26 -1.75272888e+26]\n",
      " [ 4.03012031e+25 -1.75272888e+26  2.27482208e+26]]\n",
      "*** Weight ***\n",
      "[[0.48554185]\n",
      " [0.02753523]\n",
      " [0.48692292]]\n",
      "*** Weighted output ***\n",
      "[-1.38364293e-14  5.86200720e-14 -1.05446819e-14 ... -1.37306830e-14\n",
      " -6.14468440e-15 -1.25892629e-14]\n",
      "*** Inverse variance weight ***\n",
      "[0.20006303 0.20009566 0.19993377 0.19999301 0.19991453]\n",
      "*** Inverse variance weighted clock ***\n",
      "3.139271800046053e-14\n",
      "------------------Step 13------------------\n",
      "*** Raw sum ***\n",
      "[ 2.55766892e-13 -3.12992483e-14  2.75785519e-14 ... -6.41772103e-14\n",
      " -4.87201002e-14  3.46405662e-14]\n",
      "*** Raw sum ***\n",
      "[ 1.76891456e-13 -5.00668435e-14  1.17677949e-13 ... -8.74309267e-14\n",
      " -1.64022797e-13  2.38168407e-13]\n",
      "*** Raw sum ***\n",
      "[ 9.61218648e-14 -3.09255286e-14  7.92057628e-14 ...  3.10810979e-14\n",
      " -1.97068878e-14  1.58289861e-13]\n",
      "*** Cov mean ***\n",
      "[[7.79635995e-27 5.18559371e-27 2.58660767e-27]\n",
      " [5.18559371e-27 7.77282834e-27 5.19033445e-27]\n",
      " [2.58660767e-27 5.19033445e-27 7.78086680e-27]]\n",
      "*** Corr ***\n",
      "[[1.         0.66613616 0.33210134]\n",
      " [0.66613616 1.         0.66740862]\n",
      " [0.33210134 0.66740862 1.        ]]\n",
      "*** Regularization term ***\n",
      "[[1.55927199e-28 0.00000000e+00 0.00000000e+00]\n",
      " [0.00000000e+00 1.55927199e-28 0.00000000e+00]\n",
      " [0.00000000e+00 0.00000000e+00 1.55927199e-28]]\n",
      "*** Inverse Cov mean ***\n",
      "[[ 2.26400219e+26 -1.74453027e+26  4.03010349e+25]\n",
      " [-1.74453027e+26  3.54956918e+26 -1.75272734e+26]\n",
      " [ 4.03010349e+25 -1.75272734e+26  2.27482424e+26]]\n",
      "*** Weight ***\n",
      "[[0.48554226]\n",
      " [0.02753384]\n",
      " [0.4869239 ]]\n",
      "*** Weighted output ***\n",
      "[ 5.86200564e-14 -1.05446731e-14  1.83992857e-14 ... -6.14464243e-15\n",
      " -1.25891998e-14  3.34840887e-14]\n",
      "*** Inverse variance weight ***\n",
      "[0.19996393 0.20018853 0.20002046 0.19980277 0.20002432]\n",
      "*** Inverse variance weighted clock ***\n",
      "-2.98373712892792e-14\n",
      "------------------Step 14------------------\n",
      "*** Raw sum ***\n",
      "[-3.12992483e-14  2.75785519e-14 -2.60171263e-13 ... -4.87201002e-14\n",
      "  3.46405662e-14  1.20665183e-14]\n",
      "*** Raw sum ***\n",
      "[-5.00668435e-14  1.17677949e-13 -2.62700283e-13 ... -1.64022797e-13\n",
      "  2.38168407e-13  4.54616831e-13]\n",
      "*** Raw sum ***\n",
      "[-3.09255286e-14  7.92057628e-14 -1.97424389e-13 ... -1.97068878e-14\n",
      "  1.58289861e-13  2.66065228e-13]\n",
      "*** Cov mean ***\n",
      "[[7.79633847e-27 5.18557995e-27 2.58660342e-27]\n",
      " [5.18557995e-27 7.77288760e-27 5.19036595e-27]\n",
      " [2.58660342e-27 5.19036595e-27 7.78088317e-27]]\n",
      "*** Corr ***\n",
      "[[1.         0.66613277 0.3321009 ]\n",
      " [0.66613277 1.         0.66740943]\n",
      " [0.3321009  0.66740943 1.        ]]\n",
      "*** Regularization term ***\n",
      "[[1.55926769e-28 0.00000000e+00 0.00000000e+00]\n",
      " [0.00000000e+00 1.55926769e-28 0.00000000e+00]\n",
      " [0.00000000e+00 0.00000000e+00 1.55926769e-28]]\n",
      "*** Inverse Cov mean ***\n",
      "[[ 2.26398959e+26 -1.74450224e+26  4.03003453e+25]\n",
      " [-1.74450224e+26  3.54952158e+26 -1.75271685e+26]\n",
      " [ 4.03003453e+25 -1.75271685e+26  2.27482224e+26]]\n",
      "*** Weight ***\n",
      "[[0.48554648]\n",
      " [0.02752904]\n",
      " [0.48692447]]\n",
      "*** Weighted output ***\n",
      "[-1.05446430e-14  1.83991515e-14 -7.65626320e-14 ... -1.25890100e-14\n",
      "  3.34837868e-14  4.93092309e-14]\n",
      "*** Inverse variance weight ***\n",
      "[0.1999621  0.20031532 0.2000758  0.1996127  0.20003407]\n",
      "*** Inverse variance weighted clock ***\n",
      "-2.9664137822746384e-14\n",
      "------------------Step 15------------------\n",
      "*** Raw sum ***\n",
      "[ 2.75785519e-14 -2.60171263e-13  1.76915123e-13 ...  3.46405662e-14\n",
      "  1.20665183e-14  1.41118348e-13]\n",
      "*** Raw sum ***\n",
      "[ 1.17677949e-13 -2.62700283e-13  7.86984608e-15 ...  2.38168407e-13\n",
      "  4.54616831e-13  1.57065334e-13]\n",
      "*** Raw sum ***\n",
      "[ 7.92057628e-14 -1.97424389e-13  8.49255435e-14 ...  1.58289861e-13\n",
      "  2.66065228e-13  4.23640301e-14]\n",
      "*** Cov mean ***\n",
      "[[7.79634315e-27 5.18558371e-27 2.58660106e-27]\n",
      " [5.18558371e-27 7.77288989e-27 5.19036232e-27]\n",
      " [2.58660106e-27 5.19036232e-27 7.78088031e-27]]\n",
      "*** Corr ***\n",
      "[[1.         0.66613295 0.33210056]\n",
      " [0.66613295 1.         0.66740899]\n",
      " [0.33210056 0.66740899 1.        ]]\n",
      "*** Regularization term ***\n",
      "[[1.55926863e-28 0.00000000e+00 0.00000000e+00]\n",
      " [0.00000000e+00 1.55926863e-28 0.00000000e+00]\n",
      " [0.00000000e+00 0.00000000e+00 1.55926863e-28]]\n",
      "*** Inverse Cov mean ***\n",
      "[[ 2.26398936e+26 -1.74450272e+26  4.03003860e+25]\n",
      " [-1.74450272e+26  3.54951956e+26 -1.75271488e+26]\n",
      " [ 4.03003860e+25 -1.75271488e+26  2.27482093e+26]]\n",
      "*** Weight ***\n",
      "[[0.48554626]\n",
      " [0.02752876]\n",
      " [0.48692497]]\n",
      "*** Weighted output ***\n",
      "[ 1.83991517e-14 -7.65626213e-14  4.24898306e-14 ...  3.34837884e-14\n",
      "  4.93092320e-14  3.11571351e-14]\n",
      "*** Inverse variance weight ***\n",
      "[0.19986641 0.20015679 0.20012167 0.19960517 0.20024996]\n",
      "*** Inverse variance weighted clock ***\n",
      "2.6739299080925818e-14\n",
      "------------------Step 16------------------\n",
      "*** Raw sum ***\n",
      "[-2.60171263e-13  1.76915123e-13  7.63229926e-14 ...  1.20665183e-14\n",
      "  1.41118348e-13 -3.41698776e-13]\n",
      "*** Raw sum ***\n",
      "[-2.62700283e-13  7.86984608e-15  4.84573136e-14 ...  4.54616831e-13\n",
      "  1.57065334e-13 -2.08030697e-13]\n",
      "*** Raw sum ***\n",
      "[-1.97424389e-13  8.49255435e-14  7.99687815e-14 ...  2.66065228e-13\n",
      "  4.23640301e-14 -2.17092574e-13]\n",
      "*** Cov mean ***\n",
      "[[7.79639352e-27 5.18561795e-27 2.58663910e-27]\n",
      " [5.18561795e-27 7.77291109e-27 5.19038770e-27]\n",
      " [2.58663910e-27 5.19038770e-27 7.78090893e-27]]\n",
      "*** Corr ***\n",
      "[[1.         0.66613429 0.33210376]\n",
      " [0.66613429 1.         0.66741011]\n",
      " [0.33210376 0.66741011 1.        ]]\n",
      "*** Regularization term ***\n",
      "[[1.5592787e-28 0.0000000e+00 0.0000000e+00]\n",
      " [0.0000000e+00 1.5592787e-28 0.0000000e+00]\n",
      " [0.0000000e+00 0.0000000e+00 1.5592787e-28]]\n",
      "*** Inverse Cov mean ***\n",
      "[[ 2.26397945e+26 -1.74449813e+26  4.02997308e+25]\n",
      " [-1.74449813e+26  3.54951754e+26 -1.75271150e+26]\n",
      " [ 4.02997308e+25 -1.75271150e+26  2.27481603e+26]]\n",
      "*** Weight ***\n",
      "[[0.48554359]\n",
      " [0.0275321 ]\n",
      " [0.48692431]]\n",
      "*** Weighted output ***\n",
      "[-7.65626380e-14  4.24896630e-14  2.57770051e-14 ...  4.93096680e-14\n",
      "  3.11571747e-14 -9.24482746e-14]\n",
      "*** Inverse variance weight ***\n",
      "[0.19974732 0.20008497 0.20006008 0.19974044 0.2003672 ]\n",
      "*** Inverse variance weighted clock ***\n",
      "3.3775754799310816e-14\n",
      "------------------Step 17------------------\n",
      "*** Raw sum ***\n",
      "[ 1.76915123e-13  7.63229926e-14 -9.25174812e-14 ...  1.41118348e-13\n",
      " -3.41698776e-13  1.66807527e-13]\n",
      "*** Raw sum ***\n",
      "[ 7.86984608e-15  4.84573136e-14  3.21732244e-14 ...  1.57065334e-13\n",
      " -2.08030697e-13  4.78709020e-14]\n",
      "*** Raw sum ***\n",
      "[ 8.49255435e-14  7.99687815e-14  1.33056778e-13 ...  4.23640301e-14\n",
      " -2.17092574e-13  5.65968175e-15]\n",
      "*** Cov mean ***\n",
      "[[7.79637165e-27 5.18558584e-27 2.58660884e-27]\n",
      " [5.18558584e-27 7.77287596e-27 5.19035798e-27]\n",
      " [2.58660884e-27 5.19035798e-27 7.78088509e-27]]\n",
      "*** Corr ***\n",
      "[[1.         0.66613261 0.33210085]\n",
      " [0.66613261 1.         0.66740882]\n",
      " [0.33210085 0.66740882 1.        ]]\n",
      "*** Regularization term ***\n",
      "[[1.55927433e-28 0.00000000e+00 0.00000000e+00]\n",
      " [0.00000000e+00 1.55927433e-28 0.00000000e+00]\n",
      " [0.00000000e+00 0.00000000e+00 1.55927433e-28]]\n",
      "*** Inverse Cov mean ***\n",
      "[[ 2.26397809e+26 -1.74449591e+26  4.02999634e+25]\n",
      " [-1.74449591e+26  3.54951838e+26 -1.75271149e+26]\n",
      " [ 4.02999634e+25 -1.75271149e+26  2.27481720e+26]]\n",
      "*** Weight ***\n",
      "[[0.48554277]\n",
      " [0.02753357]\n",
      " [0.48692366]]\n",
      "*** Weighted output ***\n",
      "[ 4.24896002e-14  2.57769906e-14  6.91771403e-15 ...  3.11572040e-14\n",
      " -9.24482363e-14  2.83553598e-14]\n",
      "*** Inverse variance weight ***\n",
      "[0.19980724 0.20004067 0.20004471 0.19976305 0.20034433]\n",
      "*** Inverse variance weighted clock ***\n",
      "1.6625805917922227e-14\n",
      "------------------Step 18------------------\n",
      "*** Raw sum ***\n",
      "[ 7.63229926e-14 -9.25174812e-14  1.81262893e-13 ... -3.41698776e-13\n",
      "  1.66807527e-13 -1.01689737e-13]\n",
      "*** Raw sum ***\n",
      "[ 4.84573136e-14  3.21732244e-14  4.92486012e-14 ... -2.08030697e-13\n",
      "  4.78709020e-14 -1.38947759e-13]\n",
      "*** Raw sum ***\n",
      "[ 7.99687815e-14  1.33056778e-13  6.98823330e-14 ... -2.17092574e-13\n",
      "  5.65968175e-15 -6.57108540e-14]\n",
      "*** Cov mean ***\n",
      "[[7.79636780e-27 5.18559608e-27 2.58661281e-27]\n",
      " [5.18559608e-27 7.77288782e-27 5.19036671e-27]\n",
      " [2.58661281e-27 5.19036671e-27 7.78089051e-27]]\n",
      "*** Corr ***\n",
      "[[1.         0.66613358 0.33210133]\n",
      " [0.66613358 1.         0.6674092 ]\n",
      " [0.33210133 0.6674092  1.        ]]\n",
      "*** Regularization term ***\n",
      "[[1.55927356e-28 0.00000000e+00 0.00000000e+00]\n",
      " [0.00000000e+00 1.55927356e-28 0.00000000e+00]\n",
      " [0.00000000e+00 0.00000000e+00 1.55927356e-28]]\n",
      "*** Inverse Cov mean ***\n",
      "[[ 2.26398502e+26 -1.74450319e+26  4.03002652e+25]\n",
      " [-1.74450319e+26  3.54952420e+26 -1.75271477e+26]\n",
      " [ 4.03002652e+25 -1.75271477e+26  2.27481856e+26]]\n",
      "*** Weight ***\n",
      "[[0.48554443]\n",
      " [0.02753109]\n",
      " [0.48692448]]\n",
      "*** Weighted output ***\n",
      "[ 2.57770147e-14  6.91767308e-15  4.11314915e-14 ... -9.24483126e-14\n",
      "  2.83554138e-14 -2.83988306e-14]\n",
      "*** Inverse variance weight ***\n",
      "[0.19995897 0.19995661 0.20013561 0.19964641 0.20030239]\n",
      "*** Inverse variance weighted clock ***\n",
      "-8.004642586144257e-14\n",
      "------------------Step 19------------------\n",
      "*** Raw sum ***\n",
      "[-9.25174812e-14  1.81262893e-13  3.08673095e-13 ...  1.66807527e-13\n",
      " -1.01689737e-13  5.14556544e-15]\n",
      "*** Raw sum ***\n",
      "[ 3.21732244e-14  4.92486012e-14  2.02398136e-14 ...  4.78709020e-14\n",
      " -1.38947759e-13 -4.98106477e-15]\n",
      "*** Raw sum ***\n",
      "[ 1.33056778e-13  6.98823330e-14 -1.60686048e-13 ...  5.65968175e-15\n",
      " -6.57108540e-14 -3.12321823e-14]\n",
      "*** Cov mean ***\n",
      "[[7.79636664e-27 5.18559613e-27 2.58661278e-27]\n",
      " [5.18559613e-27 7.77288854e-27 5.19036812e-27]\n",
      " [2.58661278e-27 5.19036812e-27 7.78089325e-27]]\n",
      "*** Corr ***\n",
      "[[1.         0.6661336  0.33210129]\n",
      " [0.6661336  1.         0.66740924]\n",
      " [0.33210129 0.66740924 1.        ]]\n",
      "*** Regularization term ***\n",
      "[[1.55927333e-28 0.00000000e+00 0.00000000e+00]\n",
      " [0.00000000e+00 1.55927333e-28 0.00000000e+00]\n",
      " [0.00000000e+00 0.00000000e+00 1.55927333e-28]]\n",
      "*** Inverse Cov mean ***\n",
      "[[ 2.26398561e+26 -1.74450373e+26  4.03002991e+25]\n",
      " [-1.74450373e+26  3.54952467e+26 -1.75271494e+26]\n",
      " [ 4.03002991e+25 -1.75271494e+26  2.27481809e+26]]\n",
      "*** Weight ***\n",
      "[[0.48554467]\n",
      " [0.02753096]\n",
      " [0.48692436]]\n",
      "*** Weighted output ***\n",
      "[ 6.91765906e-15  4.11315013e-14  2.40632821e-14 ...  2.83554250e-14\n",
      " -2.83988306e-14 -4.28214738e-15]\n",
      "*** Inverse variance weight ***\n",
      "[0.19996515 0.19990143 0.20013657 0.19972275 0.20027409]\n",
      "*** Inverse variance weighted clock ***\n",
      "-2.755378438999568e-15\n",
      "------------------Overall------------------\n",
      "*** Weighted clock estimation ***\n",
      "[-4.132559205206395e-14, -4.718484717792262e-15, -1.2145686990286179e-14, -2.388226614514845e-14, 1.0877014450560968e-14, 1.769436587245174e-14, -6.956647569061904e-14, 4.13775879804744e-14, 6.49553202769384e-14, 7.889784036080172e-14, -1.3730700161033408e-14, -6.144735806414534e-15, -1.2589262859487048e-14, 3.3484088658927205e-14, 4.93092309218001e-14, 3.1157135105200384e-14, -9.244827461545886e-14, 2.8355359817744424e-14, -2.8398830631168412e-14, -4.282147379646835e-15]\n",
      "*** Inverse variance weighted clock estimation ***\n",
      "[7.364503833136937e-15, 1.462611513252939e-14, 1.266372950724942e-13, 3.821809461500537e-14, -6.729175160559741e-14, 2.318601608856667e-14, 1.0440281083516438e-14, 6.549458747714574e-14, 8.212308012144306e-14, 2.400446116202321e-14, -1.542334525772807e-14, -6.225461271678574e-14, 3.139271800046053e-14, -2.98373712892792e-14, -2.9664137822746384e-14, 2.6739299080925818e-14, 3.3775754799310816e-14, 1.6625805917922227e-14, -8.004642586144257e-14, -2.755378438999568e-15]\n",
      "*** Mean clock estimation ***\n",
      "[ 1.58892267e-14 -4.45264946e-14 -1.53715794e-14  3.18977511e-14\n",
      " -4.61094591e-14  2.73241179e-14 -5.36804720e-14  9.18109904e-14\n",
      " -7.66242466e-14  7.19993275e-15  9.45796423e-15  5.58835073e-14\n",
      " -5.82259466e-14  4.89290434e-14  4.54272245e-14 -7.62393652e-16\n",
      " -2.09485921e-14 -2.50322501e-14  1.95102173e-14 -2.41397379e-14]\n",
